5867
908
336842
768
628
628
698
768
768
699
698
628
698
698
768
698
698
628
628
629
699
699
698
699
698
699
838
698
699
699
699
698
698
699
698
699
699
629
699
699
698
698
8032
699
629
628
698
699
698
629
698
698
698
629
768
698
698
699
768
769
1117
1187
768
1188
768
1188
409896
838
838
1118
908
978
978
838
908
838
1187
838
908
838
1118
1187
977
1187
838
1327
978
908
1327
978
978
1257
908
1187
768
1188
908
978
978
768
1187
1188
1048
1187
1187
978
977
1187
1956
1187
1187
908
1048
978
838
978
908
908
838
768
838
698
908
1187
838
768
768
699
907
1048
429174
978
838
908
838
908
839
699
699
907
838
768
908
908
1187
1187
1048
908
908
768
1187
838
838
838
838
1188
838
838
838
838
838
699
908
838
838
907
838
978
838
978
838
768
628
839
1187
908
1187
1187
978
1257
1117
908
908
838
1047
838
699
838
768
838
1048
838
908
838
384893
908
1257
978
1117
1118
1187
978
1467
1117
1886
1187
1117
1327
1188
1047
1187
1396
1258
1187
768
908
978
768
978
1048
1187
978
1047
1117
977
978
1117
1188
1048
1187
978
1118
977
908
908
1048
768
908
1327
978
908
1048
908
978
1187
1607
1187
1047
1048
978
1047
1537
1117
978
1048
1327
1257
1118
407173
1746
978
838
1117
1187
1117
1118
908
768
1188
1047
908
1048
1188
1187
908
1048
1117
908
1536
1187
978
1047
977
1327
1536
1187
978
1187
977
1048
1048
1188
978
907
978
908
978
978
908
699
1815
1117
769
1047
1118
1048
1188
1257
1258
1397
908
1048
1327
1187
1118
1187
1187
908
2374
1048
838
838
368062
768
1188
1188
1118
1188
1118
1118
1257
1257
1397
1188
838
1467
1397
1467
1258
1187
1257
1187
1187
1257
1187
1187
1118
1257
1607
1606
1187
1187
1327
1048
838
1397
908
1327
2445
1466
1117
1188
768
838
1187
1257
1187
1397
1187
1257
1188
1118
1048
1048
838
838
1187
1118
1257
1048
1257
978
1117
1047
1118
1047
402214
1048
1188
1188
1047
1187
1187
1118
978
1117
1117
1117
1048
1187
1537
1327
1187
1397
1396
1187
1536
1117
1188
978
1118
1606
1047
1118
1187
1257
1118
978
907
1536
1886
1537
1118
1257
1187
908
1327
1117
1606
1327
1257
1327
1467
1117
1117
1257
1257
977
1327
1327
1536
1257
1466
977
1257
978
908
838
769
908
344945
838
838
838
908
908
977
908
908
838
838
838
838
908
838
908
908
839
838
838
908
908
908
838
908
838
907
838
838
838
838
838
838
1047
908
838
908
838
908
838
838
839
769
838
908
838
978
838
838
838
1466
1606
978
907
1257
1047
1257
1257
978
1187
978
978
978
977
397116
908
908
908
978
977
978
908
908
908
908
908
908
978
908
838
908
838
908
908
978
908
908
908
908
838
977
838
908
838
908
908
908
838
24654
908
978
908
908
908
978
908
908
908
908
908
978
907
908
838
908
908
977
977
977
769
908
838
908
1117
1118
1047
908
908
391111
908
977
908
908
908
908
908
908
838
907
908
908
908
908
977
977
908
977
908
838
978
1257
1187
1258
1117
1117
1048
1047
1048
1048
1118
1048
1187
978
1048
1048
1047
1047
978
1047
1048
978
1048
1327
977
1047
1117
977
978
978
1048
978
1048
977
1117
977
1047
1048
1118
1117
1047
1047
1048
351998
1048
908
908
908
1048
1048
1047
978
978
1047
977
1118
1047
1048
977
1676
1117
1258
1466
1187
1117
1118
1257
1118
978
1257
1048
1816
1466
1397
1816
1117
1048
978
1048
1118
839
1048
1048
1048
1118
1048
1676
1257
1258
1676
1606
1537
1467
1397
1257
1327
1677
1327
1397
1257
1327
1327
1677
1187
1257
1467
1676
398373
1466
1327
1746
1327
1327
1676
1467
1676
1327
1467
1327
1118
1397
1188
1257
1816
1536
1676
1257
1746
1327
1187
1397
1188
1815
1118
1187
1257
1746
1816
1676
1397
1467
1467
1537
1327
1397
1048
1117
1746
1327
1327
1327
1816
1397
1187
1187
1187
2166
1676
1676
1466
1956
1327
1257
1396
1537
1396
1257
1118
1187
1187
1187
348995
1118
1955
1327
1397
1886
1327
1187
1257
1257
1467
1257
1676
1257
1396
1397
1327
1396
1885
1816
1676
1746
1536
1607
1327
1396
1396
1118
1396
1606
1746
1746
1397
1955
1606
1676
1537
1537
1466
1886
1187
1397
1327
1537
1746
1397
1397
1467
1257
1467
1327
1327
1258
1676
1257
1327
1257
1327
1397
1257
1327
1467
1187
1257
405846
1397
1397
1118
1397
1397
1396
1327
1467
1467
1257
1187
1258
1257
1326
1467
1746
1397
1677
1327
1257
1188
1188
1188
1397
1327
1397
1606
1466
1396
1327
1188
1816
1536
1327
1187
1188
1466
1467
1397
1536
1187
1188
1117
1257
1257
1537
1397
1466
1257
1257
1816
1397
1327
1188
1187
1956
1886
1746
1327
1676
1257
1606
1607
401934
1467
1536
1886
1397
1746
1607
1606
1466
1467
1607
1466
1327
1467
1397
1816
1606
1536
1537
1537
1536
1396
1606
1956
1815
1746
1327
1536
1606
1816
1886
1188
1607
1606
1607
1746
2025
1886
2025
1746
1746
2026
1746
1886
1467
1327
1257
1187
1188
1188
1536
1257
2025
1537
1816
1956
1886
2025
1536
1886
1537
1607
1187
1188
413041
1188
1187
2026
1188
1187
1188
1676
1257
1257
1257
1537
1397
1397
1537
1536
1187
1607
1187
1467
1258
1187
1257
1467
1187
1188
1258
1536
1467
1327
1536
1397
1537
1257
1536
1606
1467
1467
1746
1467
1885
1746
1677
1956
1816
1467
1397
1885
2235
2444
1746
1676
1257
1607
1956
1467
1606
1746
1746
1956
1466
1537
2165
1746
367992
1956
1537
1885
1746
1886
1676
1956
1327
1746
1676
1607
1537
2025
2863
1746
1327
1327
1955
1606
2026
2095
1606
1606
1536
1327
2165
1747
1327
1397
2025
2095
1327
1397
1257
2025
1537
1467
1327
1886
1467
2654
1676
1327
1396
1257
1536
1257
1676
1188
1676
1536
1257
1746
1607
1466
1397
1815
1676
1886
1327
1258
1257
1257
309186
1257
1187
1257
1257
1257
1118
1187
1187
1187
1467
1607
1467
1327
1536
1257
1396
1327
1327
1466
1397
1327
1257
1397
1397
1466
1327
1676
1676
1955
1816
1676
1467
1816
1676
1397
1676
2305
1327
1816
1257
1257
1118
1886
1746
1187
1257
1606
1746
1606
1816
1746
1048
1676
1606
1397
1327
1537
1816
1816
1327
1397
1327
1467
375745
1816
1327
1327
1397
1397
1397
1606
1396
1886
1606
2095
2025
1466
16344
1327
1396
1397
1536
1467
1536
1746
1397
1397
9289
1467
1397
1466
1816
1397
2165
1257
1257
1117
1187
2654
1816
1746
1676
2444
2235
1537
1676
1467
2095
1816
2026
1886
2025
2304
1956
2025
1955
1536
1816
2584
2025
1676
2444
1886
1885
1746
1956
1816
403052
1816
2025
1746
1816
1885
2235
1955
1746
1816
1606
1676
2025
2864
1606
1955
1746
1676
1606
1746
1676
1607
1746
1327
1677
1676
2165
1676
1467
1746
1746
1606
1815
1537
1537
2514
1956
1537
1467
1397
1467
1397
1467
1536
1467
1466
1467
1466
1397
1397
1606
2095
1746
1886
1677
1537
1536
1746
1815
1676
1466
2095
385661
2165
2025
1816
1606
2096
1676
1816
1746
1746
2863
1606
1536
1607
1536
1118
1187
1677
1397
1397
2095
1955
1746
1676
1606
1676
1886
2444
1746
2095
1956
1676
2305
2234
2095
2095
1885
1606
2165
1747
2025
1607
2165
2305
1886
2305
1956
1466
1956
2445
1746
1955
1676
2026
1536
2025
1606
1327
1187
2235
2444
1676
1606
1677
371414
2166
1537
1676
1746
1607
1746
1536
1536
1537
1397
1466
1537
1397
1606
1537
1397
1467
1397
1536
1607
1536
1676
1396
1606
1676
1466
1536
1466
1537
1536
1606
1606
1606
1537
1536
1467
1606
1816
1746
1676
1606
1536
1536
1606
1397
1467
1537
1397
1537
1467
1537
1467
1327
1397
1536
2025
1815
2235
2095
2025
1955
1955
2095
370856
1956
2026
2444
2096
1886
2165
2096
2026
1885
1746
2025
1956
1606
2096
2096
2095
1676
2025
2025
1606
1607
2026
2374
1956
2235
2095
1746
2026
1955
1676
1676
2375
1886
2025
1676
1676
1467
1816
1676
1746
1746
1956
1956
1816
1676
1536
2305
1816
1746
1746
1816
1607
1676
1676
1676
1606
1676
1746
1886
1956
1885
1746
1816
374627
2304
1816
2026
1746
1606
1676
1676
1955
2025
1885
1536
1606
1466
1606
1537
1536
1537
1676
2584
1886
1606
1956
1886
2095
1536
2095
1956
1886
1815
2095
2095
1397
2096
2654
2304
13410
1886
2025
2165
2165
1816
2165
1746
3213
1815
2095
2095
2096
1677
1747
2095
2584
1746
1676
1816
2165
2095
2515
1607
1955
1607
2095
2095
385801
2165
2025
1676
2793
2514
2235
1956
1816
1746
1746
2165
1676
1676
2025
1746
2026
1816
1746
1677
2375
2305
2095
1816
2165
1955
2235
1886
1746
2723
1746
2096
2025
1746
1676
2095
1746
2374
1816
1816
2026
1676
1676
2025
1746
1816
2165
2095
1746
2235
2654
1886
2026
2165
1746
1746
1746
1746
1677
1956
1956
2026
18578
2025
369389
1956
2375
1956
2165
2235
2025
2235
2095
2235
2095
2165
1886
2793
2374
2374
2235
2095
1886
3282
2165
1746
1886
2026
1956
1677
1746
1676
1746
2026
2095
1816
2305
1885
2095
1816
1746
1886
1956
1956
2515
2305
2235
1886
1816
1816
2025
1816
1956
1885
2095
1886
1816
2445
2095
1886
2165
2305
1816
1816
1746
1746
1746
1676
392226
1816
1746
1816
1816
1816
1816
1815
1816
1746
1676
1816
2026
1885
1816
1816
2165
1816
1816
1955
1746
1676
1816
1747
11454
1676
1816
1816
1816
1746
1327
1397
1885
1886
1467
1537
1956
2026
1955
1886
1886
1955
1886
1955
1816
2654
2444
2025
2375
2095
2165
2445
2375
1886
2235
2235
2026
1886
2095
1816
2654
2305
2374
2025
376722
2165
1886
2375
2445
2095
1886
2165
2165
1885
2165
2933
2095
1816
2165
2025
2026
1955
1886
1327
1886
1816
1886
1746
1956
1956
1956
1886
1955
1956
1955
1956
1886
1816
1886
1816
1955
1815
1886
2026
1955
1885
1816
1956
1886
1955
1886
1886
1886
1816
1885
2165
1956
1885
1955
1886
1885
1955
1816
2165
2235
1885
2794
2026
397744
2165
2863
2375
2374
2863
2514
2235
2515
2375
2934
2235
2165
2095
2445
2304
2235
2095
2514
1816
2374
2863
2235
2304
2584
2095
2445
2305
3073
2235
2654
1955
2444
1956
2515
2095
2515
2585
2934
2514
2375
2515
2514
3632
2305
2654
2025
2165
2584
2514
2444
2444
2444
2374
2235
1816
1956
2235
2026
1955
1886
2025
2235
2095
376512
2375
2375
2096
1955
1816
1885
1956
2235
2235
2444
2305
1956
2025
2165
2165
1955
2025
1956
2095
1955
2165
2235
2095
1885
2165
2165
2095
1886
10406
2305
2095
1956
2444
2514
3073
2025
2096
1955
2305
2515
2026
2304
2445
2584
2374
2654
2095
3073
2165
2375
1886
2375
2165
2374
2235
2864
2235
2375
2584
2374
2375
2235
2374
399002
2305
1955
2374
2654
2096
2444
2724
1885
2165
2305
1816
2794
3492
2375
2305
2654
2025
2793
2235
2235
1955
1956
2445
1816
1816
2025
1955
1956
1956
2235
2095
2514
2026
1955
2026
2026
2025
2235
2235
2025
1885
2025
1956
2026
2026
1955
2095
1956
2026
2095
1956
1956
2165
2165
2235
2095
2095
2096
2025
1956
1956
1886
2165
396208
2095
2305
2165
2025
2096
2165
22139
2235
2096
2235
2235
2165
2026
2026
2235
2165
2445
2026
2375
2025
2235
2025
3073
2235
2584
2305
2514
2304
2514
2444
2235
2444
2584
2165
2165
2933
2165
2375
2654
2095
2305
2304
2375
1956
2375
1955
2026
2444
1885
2235
2444
2515
2654
2165
3073
2235
2584
2374
2026
2584
2584
2375
2304
444189
2375
2654
2514
2096
2515
2305
2235
2025
2025
2235
2933
1956
1955
2235
2584
2444
2723
2584
2654
2025
1955
2095
2165
2025
2095
2305
2165
2235
2095
2025
2025
2235
2165
2025
2165
2025
2235
2305
2235
2165
2026
2095
2095
2026
2095
3213
2304
2165
2095
2096
2445
2235
2235
1746
1885
2235
2096
2025
2165
2166
2095
2165
2025
383357
2654
2444
2165
2444
2026
2654
2584
2305
2514
2165
3003
2305
2235
2235
2304
2025
2165
2165
1607
15156
2095
2165
1955
2165
2095
2165
2235
2095
2025
2165
2026
2166
1885
2026
2025
2165
2235
2095
2165
2235
2235
2095
2025
2165
2165
2026
2235
2165
2165
2165
1816
1886
2165
1955
2165
2235
2165
2235
2025
2165
2096
2514
2235
386150
4261
2305
1955
2304
2375
2374
2305
2374
2165
2235
2375
2444
2445
2374
2304
2444
2375
2374
2375
2165
2304
2584
2514
2375
1955
2305
2234
2305
2793
2724
3143
1956
2235
2444
2165
3352
3004
2165
2165
2235
2165
2235
2235
2304
2305
2096
2165
2235
1956
2235
2095
2374
2165
2025
2235
2165
2025
2095
2235
2235
2305
2235
1815
354234
1956
2235
2794
2374
2724
2375
2304
2165
2235
2235
2096
2235
2095
2933
2305
2026
2235
2654
2165
2934
1956
2026
2096
2096
2584
3771
2235
2096
2305
2096
2235
2235
2444
2514
2165
2026
2235
2235
3143
2026
2165
2375
2375
2165
2444
2444
2305
2304
2654
2095
2305
2654
2444
2305
2514
2794
2794
2305
2723
2933
2724
2304
2305
506627
2305
2444
2514
2165
2584
2584
2235
2584
19696
2584
2445
2793
2794
2235
2724
2654
2584
2444
2584
2305
2584
2305
2235
2584
2305
2305
2235
2235
3143
2515
3143
2305
2653
2375
3493
2444
2584
2304
2235
2374
2235
2375
2095
2235
2584
14527
2235
2235
2584
2514
2234
2235
2375
2235
2933
2654
2445
2165
2235
2165
2165
2235
2235
418487
2374
2235
2235
2305
2235
2515
2445
2515
2375
2444
2235
2235
2514
3632
2514
2444
2444
2165
2095
2304
2305
2234
2305
2514
2793
2654
2653
2305
2514
2235
2235
2304
2166
2025
1606
1467
1607
1327
1746
1258
1187
1537
2514
1327
1537
1397
1467
1257
2235
1118
1607
1537
1746
1257
1257
1327
1466
2165
1326
1467
1327
1327
1187
163498
1327
1537
1396
1327
2096
1327
1397
1956
1118
1257
1188
5588
1187
1188
2095
1327
1187
1397
1327
1327
2444
1396
1536
1606
1536
1606
1816
1816
1607
1676
1746
1815
1885
1815
1816
1816
1886
2235
2095
1187
1187
1955
1327
1187
1606
1257
1187
1188
1187
1118
1257
1118
2165
1467
1886
1746
1955
1746
2375
1187
1327
1187
1257
173415
2235
1956
1327
1816
1257
2793
3073
1327
1187
1187
1466
1257
1257
1257
1886
1188
1397
1677
1257
1187
1257
1258
3073
2235
1396
1397
2025
1537
1537
2375
2375
2026
1606
1536
1187
1466
1327
1257
2375
1886
1258
1956
1257
1187
1467
1467
1676
1606
1257
2025
1327
1327
1397
1955
1467
2095
1886
1257
2165
2584
2933
1188
1257
2627278
2514
2515
1187
1257
1187
1187
1188
1188
1187
1188
2514
1536
1606
1258
1886
1467
1956
1397
1397
2096
1537
1467
2026
2095
1606
2096
1327
1466
1466
1327
2026
1606
1606
1187
1607
1187
2026
1537
1955
1467
1956
1257
2026
1257
2095
1257
2026
1956
1397
1327
1327
2026
1956
2025
1327
1327
1257
2096
2584
1886
1397
2514
2444
258342
2025
2445
2374
2235
2165
2305
2096
2375
2026
2096
2584
2724
2584
2654
2584
2584
2235
2375
2165
2793
2374
2584
2514
2584
2374
2445
2095
2305
2235
2235
2165
2235
2724
2235
2724
2235
2654
2584
3492
2654
2445
2515
2654
2584
2654
2654
2584
2375
2585
2654
2654
2584
2654
2794
2724
2654
2584
2794
2584
2723
2654
2375
2794
387477
3422
2654
2514
2793
44279
3003
3632
3562
2723
2444
2444
3142
2515
3003
2514
2934
2375
2724
2724
2933
2514
2724
2933
2793
3003
3003
3073
2515
2863
2863
2445
2793
2165
2025
2305
1955
2375
2584
3142
3912
2165
2095
2375
2095
2095
2514
2514
1677
2514
2025
2724
2794
2445
1816
3142
2304
2515
2514
2375
2515
2584
2515
2584
395021
2793
2864
2444
2654
2584
2375
2654
2585
2514
2585
2444
2933
2793
2584
2933
2864
3073
2514
2863
3003
3143
2514
2863
2515
2444
2444
2794
2794
2515
3073
2864
2794
2794
2514
2933
2863
2724
3911
2654
2654
2864
2863
2654
2584
2515
2654
2514
3422
2724
3213
3073
3283
3842
2584
2863
2933
2863
3352
3562
4050
2794
2723
2724
391808
2584
2584
2724
2723
1746
2653
2584
2654
2724
2654
2584
2794
2654
2654
2585
2445
2375
2724
2375
2654
2375
2584
2584
2654
2375
2584
2445
2305
2514
2515
2584
2724
2584
2445
2374
2445
2375
1816
2514
2724
1956
2653
2654
2095
3282
2305
2654
2305
2445
2305
2654
2515
2515
2584
2375
2445
2514
2304
2445
2584
2375
350392
2514
2444
2305
2584
2514
2514
3702
2724
3632
3073
3701
2654
2584
3143
2934
2933
3003
3073
3003
2724
2584
3911
2793
3073
3143
2863
3143
2933
3073
2584
3771
3003
4330
2654
3981
3073
2864
3143
3981
3073
3283
3003
2794
2794
2934
3282
3212
3283
2934
2794
2793
2793
2794
2864
2864
2863
2794
2864
2793
3073
3282
4400
3352
371624
3772
3282
3142
2654
3143
2654
3213
3213
2724
2933
3213
3073
3003
3073
2724
2654
2654
2724
2864
3492
3073
2654
2654
2863
3003
3004
3212
2724
2794
2653
3143
3492
2724
3492
2654
2584
2654
3213
3213
3073
3213
2724
2793
2654
3143
2863
3422
2933
2934
2654
3212
3981
2933
3422
4121
3981
3353
3003
3143
3003
3283
3911
3282
390341
3283
4051
3492
3841
3143
2933
3423
3003
3422
3283
3073
2794
3143
2794
2724
3003
3003
3073
2724
2654
2584
2724
3213
3143
3073
3073
3003
2654
2724
2654
2654
3143
2724
2723
2864
2724
3073
3003
2724
3003
3283
3353
3562
3003
3213
2723
3283
3143
3422
2724
2793
2654
3422
3492
3771
3981
3213
3073
2724
3213
2933
3492
3213
396557
3143
3003
3632
3352
2654
4191
2934
2864
2863
2933
2933
2934
3423
2654
2864
3282
2794
3143
3422
3282
4749
2794
3911
3213
3631
3422
2934
3631
2934
3562
2934
2933
3073
2793
2863
4470
3143
3422
2933
2863
3981
2724
4051
2933
2863
2794
2934
2794
2794
2793
2724
3003
3073
2724
2864
2793
3981
2793
3143
3492
2794
2724
2724
366665
2794
2654
2723
3003
2933
2934
3492
2864
3143
3632
3422
3562
3143
4400
3423
3702
2724
3492
4261
2723
2723
3283
2724
4749
3073
3352
3213
3003
3212
4330
2934
2794
2934
2934
2794
2864
2794
2654
2794
2794
2793
2794
2793
2723
2864
3003
3003
2864
3352
2863
3003
2794
3003
2794
2864
2793
2793
2864
2794
3143
3003
2864
2723
387827
3283
3143
3562
3422
3492
2933
3352
3422
3422
2235
2096
2095
2305
2515
2235
2305
1956
1746
1747
1746
1746
2235
1885
1746
3073
3212
2863
1956
2864
2864
3492
3283
2794
3352
2724
3492
3282
3282
3911
4330
3492
2933
1885
1955
1886
2235
2305
2025
3073
3142
2933
2934
2863
2864
3562
3423
3562
3841
3353
3981
3282
2864
3632
360519
2794
3353
3841
4330
3841
3003
3143
2864
3212
4470
4400
3003
2793
3004
2864
3073
3562
3213
2864
3073
3073
3073
3352
19137
3073
2934
2793
3003
2934
2723
3073
3073
3003
3143
3003
3143
3142
3562
4191
3073
4400
3771
3283
3073
3423
3422
2933
3352
3701
3003
3492
2863
3562
3632
3282
4539
3492
2864
3073
3212
2933
3283
3213
410595
3562
3003
3283
3422
3213
3003
3492
3771
3492
2863
3771
2863
4539
3142
3422
3771
3632
2864
3911
3283
3212
3143
3631
3423
3422
2933
3213
3004
3423
3003
3213
3003
3492
2933
2933
2934
3004
3003
2864
3003
3003
2933
2864
2934
3003
4750
2933
4609
3004
3143
3073
3492
3492
3003
3422
3213
3073
3352
2934
3004
2933
2933
3143
3629286
4191
2864
2794
2025
3003
2445
2934
3003
3003
3213
2864
2933
3004
2654
2864
3003
3003
2794
3003
2794
3003
2794
2794
2933
3003
2794
4749
3143
3212
3352
3353
3282
3981
3073
3562
3631
3981
3422
3562
3702
3073
3493
3283
4260
3492
3562
4121
3003
4609
3422
3283
2933
3492
3422
3282
3981
3772
2933
3702
3562
4330
3073
3004
383568
3493
3632
3073
3352
3142
3422
3073
2933
3003
3213
3981
3562
3561
3003
3353
3073
3003
2934
3003
3003
3352
3632
3632
3981
3841
4121
3701
3073
3422
3073
3562
4051
3841
3492
3422
3073
3003
3003
2933
4051
3422
3632
3911
3841
3003
3771
3702
3143
4470
3632
3492
4400
3282
3492
4610
3352
3841
4330
3841
3422
3492
3003
3422
374557
3562
3073
3212
3283
4400
3772
3143
3283
3283
3073
3073
3003
3003
3073
3282
3004
3004
3562
3142
3003
3003
2934
3003
3492
3283
3143
3282
3213
3073
3073
3003
3003
3422
3422
3842
3143
3422
3422
3143
4680
3492
3632
3911
3702
3283
3701
3492
3003
3073
3143
3213
3143
3632
3003
3073
3003
3143
3353
3841
3282
3771
3073
3003
5230880
4749
3213
3143
2933
3003
3911
3003
3073
3632
3212
3143
3073
4051
3143
3562
3562
3003
3841
3912
4330
3631
3143
4050
3073
4749
3282
4470
3492
4051
3352
3912
3073
3631
4609
4400
3562
3283
3701
3422
3771
3841
3492
3492
3422
3981
3143
3492
3073
3492
5029
3142
3981
3492
3073
3492
3353
4261
3282
3632
5099
3283
3492
3283
378608
3631
3143
3632
3422
4330
3422
3073
3352
3772
3632
3213
3143
3771
3143
4261
3143
3911
3143
3562
3004
3492
3143
3073
4749
3841
3702
4330
4889
3282
3143
3283
3353
3213
3283
3142
3073
3073
3352
3143
3282
3283
3352
3213
3352
3213
3212
3213
3073
3143
3352
3213
3213
3073
3352
3352
3352
3143
3143
3492
3772
3213
3143
3352
380144
3422
3282
3352
3212
3213
3772
3143
3213
3143
3213
3143
3142
3841
3282
3213
3282
3213
3213
3492
3842
3073
3073
3283
3143
3143
3841
3352
4050
3213
3143
3212
3283
3213
3213
3213
3142
3073
3143
3212
3073
3492
3561
3492
3143
3492
3143
3353
4470
3911
5029
4330
4750
4190
4749
4191
4191
3143
3213
3772
4889
4330
3631
3562
365408
3631
3841
3353
3143
3143
3213
3212
3213
3562
3422
3771
4121
3352
3911
4121
4888
3283
3353
3841
3702
3772
3283
3143
3562
3213
3213
3283
3073
3353
2863
2933
2864
3562
2235
3213
2235
2234
2375
2096
3283
2445
2374
2724
3282
3283
3143
3213
3283
2934
2933
2933
3283
2794
2933
3212
3283
3073
3283
3283
3212
3003
3282
3073
370926
3283
3213
3003
3353
3213
3352
3422
3562
3352
3282
3353
3352
3212
3213
3283
3353
3003
3282
3213
3283
3212
3283
3283
3003
3282
3073
3282
3282
3073
15016
3212
3283
3213
2933
3213
3353
3143
3213
3073
3282
3143
3352
3213
3282
3282
3073
3282
3352
3352
3282
3353
3143
3283
2933
3352
3282
3213
3213
3004
3213
3073
4121
3423
5359530
6146
3422
3283
2304
2235
3423
3422
3353
3422
3352
3352
3073
3004
3143
2235
3282
3422
3283
3422
2933
2863
3422
3352
3003
3073
3283
3073
3213
3073
3213
3282
3423
3213
3283
3282
3283
3562
3283
3423
3353
3283
3073
3073
3213
3212
3283
3352
3283
3073
3282
3352
3353
3003
3143
3352
3073
3073
3562
3353
3283
3422
3073
3282
358913
3143
3352
3352
3282
2933
3212
3283
3143
3212
3282
3143
3422
3282
3352
3073
3073
2933
2584
2654
3772
3422
3562
3492
3701
4190
3561
3562
3352
4539
3562
3562
3352
3492
3561
3632
2305
3143
3771
5238
3352
3911
4121
4261
3771
4539
3632
3981
3492
5238
4190
3981
4330
3352
4330
4051
3772
4470
4470
5098
4610
4120
4470
5098
364151
3422
4121
3492
5238
3562
4680
3492
3492
3771
3911
3981
3353
3981
4260
3422
3352
3841
3632
3771
3912
3353
3352
3632
3492
3562
3282
4120
4191
3352
2584
2444
3282
3981
4050
2584
2584
2514
3282
4260
2304
2863
2863
3562
3422
3632
3492
4819
3422
3562
5169
4051
5099
3493
3841
5029
3353
3492
3562
3422
4470
3631
4400
3841
2412447
3422
3422
3493
3423
3352
3632
4121
3911
3981
3492
3841
3562
3492
3422
3841
3911
4539
3631
3492
3492
4889
5098
4190
3562
4190
5029
4051
4820
3771
4959
4331
4540
3841
3841
5518
2305
3352
3632
3911
3562
3841
5239
4469
4050
4330
3352
4260
4819
5308
3352
3631
5238
3562
3562
3492
3772
3492
3492
3422
3422
3562
3701
5308
366805
4959
3492
3631
3422
3841
3632
5378
3701
3632
4051
3492
3492
3423
3701
3632
3632
3841
4051
2654
2514
4470
3562
4051
3422
3352
3422
3423
3422
3632
3492
3562
3701
3422
3492
3423
3352
3422
3422
3492
3422
3353
3771
3632
3562
3492
4260
3492
3492
3562
3562
3422
3562
3562
3562
3562
3492
3562
3701
3702
3562
3492
3562
3492
380284
3701
3842
3772
3701
3562
3562
3562
3562
3492
3562
3562
3632
3702
3422
3702
3701
3631
3981
3632
2444
2444
3562
3562
3492
3492
3562
3771
3631
3213
3423
3422
3353
5447
3911
3701
3701
3631
4679
3702
4051
3701
3422
3702
3422
3492
3702
3701
3492
3701
3771
3702
3632
3632
3562
3702
3701
3632
3562
3771
3701
3771
3842
3702
2616802
3841
3632
3492
3631
2374
2654
2723
3562
3632
3073
3492
3492
3562
3771
3702
3562
3702
3492
3492
3352
3493
3562
3562
3632
3492
3562
3283
3631
3353
3562
3562
3562
3353
3492
3632
3562
3562
3492
3562
3283
3492
3562
3632
4749
3352
5098
3772
4609
4540
5238
4121
4121
4121
3981
4121
4120
4470
4609
4958
4540
4261
3841
3632
364500
3562
3632
3562
3632
3492
3911
3632
3562
3562
3562
3492
3492
4191
3562
3981
4750
5168
3702
5587
3772
3841
3632
3562
4050
3562
4400
5029
3562
3492
3492
3562
3562
3492
3562
3842
4819
3562
4400
3841
3771
4540
4400
4959
5238
4540
3841
4260
4470
3492
3911
4889
5098
3702
4121
4050
3701
4400
3841
4749
4260
5168
3841
3912
384684
4330
4609
4120
4470
4330
4330
5378
5168
4330
4819
4050
4889
3562
4889
4051
4051
3841
4261
3772
4330
3841
4191
5587
3632
4959
3632
4679
3562
4191
4819
4679
4190
3981
4051
4400
4051
4959
4679
4819
3631
3632
2444
3771
3562
3701
3702
3492
3632
3353
3352
14876
3632
3492
3631
3492
3283
3561
3632
3283
3562
3492
3701
3632
5280048
5238
3632
3701
3143
3911
3492
3352
3772
3771
3772
3632
3352
3632
3631
3492
3702
3702
3702
3422
3632
3701
2654
2514
2444
3632
5029
3562
4609
4191
4330
3632
5238
4819
3772
4819
3771
4120
3701
3981
4330
4191
3771
4749
3701
4260
2445
2793
2515
4540
3143
3701
5098
4120
3911
3632
4400
5307
3702
4330
3632
4400
377420
4330
4261
5238
4819
3911
4260
4400
3702
4400
4400
3702
3631
3631
4190
5517
4330
3911
3702
3911
4260
4121
4260
3771
4400
4470
4959
3632
4260
4888
3771
4190
4749
3772
3911
4959
4120
4260
3772
3912
3911
3911
3771
3701
3702
4260
3632
3632
3771
3702
4190
4400
3771
3702
3772
4191
4819
5377
3702
3631
4470
3772
4120
3841
367992
4260
3701
5029
3701
4121
3701
4120
3702
4400
3771
3771
5168
3702
5099
4261
3701
4261
4888
3771
4540
4261
4191
4609
3702
3772
4330
3772
4330
4889
4819
3702
3772
3771
3842
4749
4889
3981
4400
4400
5099
4539
5168
5378
5028
5308
4051
3772
3841
3701
3701
3771
5308
4539
3841
4540
3701
3702
4749
3701
4261
5797
4121
3772
383497
4260
3771
3981
3911
4400
5308
5238
4749
4819
5099
4121
3981
4400
3841
3701
3702
5867
3911
3771
3772
4190
5307
4540
4470
4819
3771
4470
5099
5028
5168
4051
4539
4121
4260
4400
5098
4750
3911
3701
3842
3911
3771
3842
4331
5518
4331
4819
4749
5308
4191
5518
3841
4261
3841
4260
4539
3842
4260
5168
3981
4539
3841
4330
403122
4470
5098
4470
4749
4400
4540
3911
4470
4120
5308
5238
4470
4330
5098
4190
3981
4470
4191
3911
3911
4051
4051
5518
3911
4120
3841
3771
5099
4959
5378
5168
4050
4889
4261
3841
3841
3911
2585
2585
2933
3841
3772
3842
3282
3841
3701
3561
3842
3772
3841
3632
3911
3841
3492
3562
3632
3911
3841
3842
3842
3842
3841
3702
396348
3772
3911
3771
4260
4051
16552
3702
3772
4051
3632
3912
3562
3911
3912
3911
3632
3562
4121
4679
5099
4191
5517
3981
3981
4121
4330
4540
4330
3842
3911
4470
3772
3911
3911
3911
4540
4679
4470
3912
5098
4400
3911
4400
3911
5168
3912
4819
3980
4959
5099
3842
4330
4610
3842
3981
3911
5028
3911
4190
4400
3911
5657
4051
2123726
3981
3981
4050
3911
2584
3911
3911
3143
3841
3841
3562
3842
3632
3771
3772
3981
3631
3842
3911
3562
3911
3492
3842
3562
3632
3911
4051
3911
3911
3842
3841
3772
3771
4050
3911
3562
3841
3841
3702
4260
4819
5377
4470
4959
4680
4680
4470
4400
4470
4400
4260
4050
4400
4330
3981
4889
4889
4121
4679
4330
4470
4051
4470
393135
3981
5098
6286
4190
4190
5168
4330
5518
4400
4260
3981
5517
17461
4609
4610
5168
4889
4889
4470
4539
17671
3981
4749
4749
4121
3981
4051
3981
3911
4120
4190
4679
3981
4051
3981
4191
3981
4121
3980
3981
5099
5168
3981
4051
6216
5448
4051
3981
4051
3912
3841
3981
5098
4051
4679
4680
4051
4051
4609
4121
4260
4191
5517
346970
6425
4121
4749
5377
5168
5308
4051
3911
3981
4050
4470
6006
4191
4051
4749
4120
4260
4750
4261
5727
4749
4540
4540
4190
3981
4051
4540
5378
4051
4051
4539
5099
3981
5727
4050
5378
4121
4680
4540
3981
4749
4680
4121
4051
6356
3981
5448
4540
4400
3911
3981
3981
4191
4190
3981
4190
4819
4260
4051
4889
5518
5308
4121
379306
4959
4121
4051
3981
5029
4609
3981
5307
4051
5308
4889
4121
5588
4121
4121
5727
4539
4121
4190
5378
5657
4051
3911
3911
3911
5168
4120
4680
3981
4819
4121
5378
4819
6495
4051
4120
4051
4190
4120
3981
3981
4330
3981
3912
4051
3981
3981
5098
3073
4190
3004
4190
3004
5727
3423
5447
4191
5028
3632
4889
5797
4399
4750
385871
4680
4120
4609
5448
4051
5377
5587
4609
4610
4121
4609
4819
4120
4889
4121
4400
5238
5797
5378
4190
5588
4191
4819
4121
4470
4470
4679
4819
4400
4749
4121
5588
4121
5238
4819
4051
5727
4191
4190
4121
5517
4051
5169
4120
4191
4121
4121
5238
5168
4330
4260
5308
5168
4470
5797
5588
4260
5378
4400
5936
5517
5797
5169
398652
4050
5447
4609
4330
5936
4330
4120
4400
4330
4260
4191
4609
4958
5866
5936
4539
4050
12501
4121
5098
3282
6425
2933
2934
2793
2724
3562
4190
3841
5098
3772
3911
4260
3911
4050
4469
4261
4261
4121
4400
4051
4261
4260
4260
4191
4191
4190
4889
4958
6565
4191
3003
5378
3212
3143
2794
3562
3073
4470
4679
4261
4819
4330
1951706
5378
2445
2444
2515
2305
2305
2235
2304
2234
2375
2165
2444
2235
2305
2235
2445
2374
2305
2375
3282
2584
2584
2933
2864
3282
2584
3841
2305
4121
3073
4120
4261
4121
3493
4819
3702
4261
4609
4121
3632
4191
3702
3772
4330
5098
3771
3772
4400
3772
3841
3981
3911
4958
5099
3981
5029
5727
5797
4959
4260
4190
4261
4400
4596723
6356
4470
4889
5796
4400
5029
2864
4260
4679
4679
4610
5028
5098
4750
4121
5238
4260
5727
4889
5936
4331
4190
4750
5098
4400
5727
4889
4679
4260
4260
5447
4819
4749
5657
5447
6355
4819
4679
5028
5378
5517
5238
5867
4190
5377
5866
4400
4400
4260
4540
5797
5098
4610
4260
4260
4260
4260
4260
4261
4260
4260
4191
4190
414017
4261
5168
6076
4191
4889
5168
5517
5447
4261
4400
4330
4260
4330
4260
4261
4330
4260
4330
4330
4260
4191
4260
4261
4330
4261
4260
4749
6006
6077
5657
5238
4190
4749
5727
5517
4400
4889
6006
4260
5518
5448
5587
4261
5866
5517
4330
4190
5448
4330
4889
5867
4260
4959
4260
5727
4260
6006
4330
4888
4261
4610
5098
6425
398722
5308
5028
5866
4330
4679
4330
6914
4400
4470
4610
4400
4680
5797
6216
5517
6216
4610
4400
4750
4330
5936
4330
4400
4260
4260
4679
5028
5168
4958
4330
4330
4400
4330
4330
4330
4470
4400
4330
5866
6425
6007
6006
6006
5029
5587
5797
5937
6356
4469
4959
5308
5796
4540
4470
5447
4540
5797
5797
6007
4539
5308
4819
4959
3314373
4540
4400
4330
4190
4330
4400
4260
4400
4190
4330
4470
4469
4330
4330
4260
4470
4400
4330
4400
4051
4260
4051
4400
4470
4190
4400
3981
4470
4330
5936
4399
5308
5727
5937
4260
4959
4609
5937
5169
5168
6426
6146
4749
5937
5308
5307
5099
4330
5098
6286
4400
4400
5727
5238
4400
5308
4330
5797
5936
4330
4889
4261
5866
425890
5727
4889
4330
5378
4330
4959
6984
4330
4539
4610
4470
4539
6565
5727
4400
4470
5797
4399
6216
5168
5518
4330
4400
4400
4330
4400
4330
13968
4330
4330
4330
7892
4400
4470
4470
4540
4749
6146
5587
4470
5029
5797
7193
4609
4540
4470
4540
4469
4609
4470
4330
5168
5238
5447
5028
4959
4400
5308
6565
5238
4888
6635
5867
375744
6076
6216
6216
5727
4539
5168
5587
5099
5797
4470
4749
5936
4400
5029
4400
4889
5029
5727
5657
4889
4400
5168
5377
4470
4330
4889
4749
4470
4330
4331
4959
4400
4470
4400
4469
4609
5169
4540
4469
4400
4400
4470
4889
4749
4889
5029
5028
5657
5727
4540
4400
5867
4609
5727
6425
5099
4540
4470
4470
4469
4959
4540
5448
412900
4470
4819
4400
4330
4470
4819
4400
4888
4540
4539
12572
4959
4609
4610
4400
4749
4749
4680
4679
4819
4679
4749
4680
4470
4540
4539
5238
4470
4470
5378
5029
6076
4610
4959
4470
5378
5168
4959
4679
4750
4749
4610
4470
4400
4959
4470
5866
5098
4469
4959
5377
4749
4749
5378
4610
5727
5727
5936
5168
4540
4958
4470
6146
361148
6006
5168
4539
4958
4470
5657
5028
5239
7612
4540
4400
5937
5238
6146
5168
4749
4609
5727
5867
6705
5517
4610
5448
4540
4469
6844
6146
4679
5378
6006
4749
6565
4539
5937
4470
5727
4539
4680
4470
4609
4539
3073
4680
4680
4819
4609
4609
4540
4680
4260
4610
4609
4540
4331
4609
4680
4749
4750
4610
4679
4610
4540
4540
359541
4539
4261
4260
4261
4610
4680
4539
4540
4121
4330
4540
4610
4610
4540
4819
3352
3213
4680
4539
4540
4749
3073
4749
3352
3073
3143
3143
4609
3772
3701
4539
4819
4470
4819
4819
4679
4749
4749
4749
4610
17530
4540
4539
4540
4750
4679
4680
4540
4749
4750
4749
4610
4539
4749
4610
4610
4610
4610
4679
4539
4679
4679
4819
368970
4610
4749
4679
4610
4749
4610
4680
4609
4540
4609
4610
4819
4610
4889
4749
4749
4749
4819
4749
4749
5518
4819
4889
4888
4749
4680
4749
4750
5447
4679
4679
4889
4819
4819
4889
4749
4819
4819
4749
4540
4750
4889
4958
4680
4610
4958
4750
4889
4749
4679
4679
4819
5377
4609
4749
4889
4889
4889
4539
4679
4749
4819
4749
351579
4749
4679
4819
4819
4889
4819
13481
4610
4749
4610
4610
4819
4749
4679
4889
4749
4819
4749
4609
4749
4749
4680
4749
4610
4680
4819
4819
4609
4679
4819
4819
4889
4679
4539
4539
4679
4749
6146
4679
4819
4889
4680
4539
4680
4959
4959
4679
4959
4680
4749
4680
5028
4889
4609
4679
4679
4610
4958
4679
4749
4889
4889
4889
346620
4959
4958
4889
4959
4819
4749
4540
4749
4819
4749
4749
4889
4889
4889
4889
4749
4889
4819
4958
4959
4959
4819
4958
5029
4750
4679
4889
4889
4889
4959
4749
4819
4749
4750
4888
4749
4819
4749
4819
4679
4540
4749
4888
4819
4959
4819
4959
4819
4889
4819
5029
4959
4749
4609
4679
4680
4749
4679
4610
4679
4680
4679
4679
358703
4749
4749
4750
4749
4679
4679
4749
4679
4888
4958
4819
4819
4819
4819
5029
4819
4749
4609
4889
4959
4749
4749
4679
4889
4958
4680
4679
4819
4889
4749
4750
4819
4749
4750
4819
4888
4819
4889
4959
4680
4819
4749
4749
4749
4749
4750
4959
4819
5587
4959
4889
4749
4889
4679
4819
4609
4819
4959
4679
4819
4819
4889
4959
354932
4889
4609
4819
4889
4680
4889
4819
4959
4820
4889
5098
4889
4749
4959
4959
4889
4889
4610
4749
4889
4889
4750
4819
4749
4819
4959
4959
4819
4959
4889
4889
4959
4749
4958
4959
4958
5028
4958
5028
4819
4958
4959
4889
4889
4610
4819
4889
4749
5098
4819
4679
4819
4819
4819
4749
4749
4959
4819
4819
5098
4959
391668
5029
4959
5028
4819
5028
5028
4958
4819
4959
4958
4889
4889
4889
4959
4819
4959
4750
5028
4889
5098
4819
4959
5028
5099
4749
4889
4819
5029
5099
4749
4749
5028
4958
5028
5168
4959
5098
4959
4819
4889
4888
4889
4749
4958
4819
4889
4889
4958
4959
5308
4749
4819
4959
4679
4889
4819
4958
5028
5029
4958
5029
4959
4959
407382
5028
4889
4889
4959
4959
4819
5238
4749
4959
5029
4959
4819
4959
4819
4819
4819
4889
4750
4680
5029
5028
4819
4749
4819
4959
5099
5098
5168
4958
4819
4749
4679
4959
5098
4888
5029
4958
4819
4889
4958
4888
5029
4889
4959
4959
4889
4959
4889
5727
5098
5029
4889
5098
5099
4889
4819
4889
5029
4819
4958
4889
4889
5517
11873
5098
10057
4749
11873
5168
10126
4819
9777
4889
9777
4819
9917
5029
5099
5168
5238
5308
5238
5308
5238
5238
5448
5377
5238
5168
5098
5029
5238
5308
5168
4889
5028
5308
5238
4958
5028
5099
4889
5029
5238
5238
5308
5238
5098
5098
5169
5238
5099
5377
4958
4959
5168
5238
5238
5168
5168
5238
5168
5098
4819
5238
5098
5029
5098
4889
5029
4958
5238
5238
4400
4469
4469
4609
4470
4609
4400
4330
4190
4191
4540
4679
4679
4610
4330
4959
4400
4469
4610
4540
4958
4889
4609
4610
4609
4610
4679
4679
4680
4610
4609
4610
5099
3283
3562
5098
5169
4819
4470
4610
4679
4610
4679
5029
5099
13968
4958
5238
5238
5238
4959
5169
4749
5238
5238
5029
5028
5168
5168
5239
4889
4819
4889
4749
5238
5378
4889
6844
5448
5238
5448
5168
4889
4889
4819
4889
5447
5308
4959
4959
4959
4958
5378
5168
4958
4889
4888
4819
4749
4959
4959
5447
5447
5238
4819
4959
4819
4750
5378
5796
5308
5238
5098
5378
5168
4889
5378
5377
5099
5238
5308
5168
5168
5518
5377
4959
5239
5098
5308
5239
4889
5378
5238
5238
5308
3352
4889
5307
5029
5377
5308
5378
5308
5308
5377
5378
5308
5168
5448
5099
6216
4959
5028
5098
5238
5098
5098
5238
5028
5168
5169
4959
5168
5168
5098
4959
5098
5098
5029
5029
5029
4959
5029
5029
5588
5238
5238
4959
5029
5098
10476
5098
5308
5098
5099
5029
5377
5518
5518
5377
5098
5238
5518
5587
5238
5099
5029
4889
5028
4889
5028
5029
5657
5517
5448
5308
5238
5727
5308
5447
5378
5308
5308
5377
5168
5169
5518
5448
5378
5238
5518
5308
5377
5168
5168
5797
5378
5239
5517
5308
5238
5727
5867
5588
5378
5238
5657
5517
5448
5238
5238
5797
5587
5867
5587
5448
5308
5308
5238
5308
5448
5378
5308
5378
5377
5378
5238
5308
5308
5238
5867
5727
5587
6006
5937
5447
6006
5727
5447
5797
5098
5587
5517
5657
5517
5447
5797
5727
5587
5238
5867
5658
5727
5658
5657
5517
5378
5098
5727
5797
5867
5448
5238
5169
5238
5238
5099
5029
5099
4959
5866
5448
5169
5727
5796
5657
5238
5447
5238
5168
6007
6006
6076
6076
5867
5657
5796
5657
5517
5517
5587
5727
6425
15366
6286
6077
5937
5657
5658
5727
6355
6076
5937
6355
6426
6076
5937
5727
5867
5797
5866
6495
6146
6076
15155
5727
5657
5936
5797
5727
5797
5658
5727
5727
5657
5587
5657
5727
5727
5797
10895
5797
5727
6705
6286
6076
6076
5867
6007
5866
5867
5727
5937
5866
5936
5727
5796
5797
5936
5867
5936
5937
6007
5867
6146
6844
6775
6915
6495
6286
6076
6076
6006
5867
5937
5866
5937
5937
6076
5866
6006
6006
5936
6007
6146
6146
6216
5867
5936
5866
7473
7123
7333
7473
7403
6844
6635
6565
19836
6635
6705
7543
7473
7054
6775
7613
7543
6914
7542
7473
7054
7613
7613
7543
7403
7613
7334
7683
7403
7264
7124
7543
7473
7612
7683
7264
7124
6774
7542
7333
7193
7193
6775
6984
6775
6705
6705
6565
6914
7752
7892
7333
7054
8032
7612
7822
7682
6984
8032
7752
7823
7752
7334
7124
7194
7054
7124
7054
7892
7822
7124
7194
7123
7054
7893
7333
7263
7054
7124
7193
7962
7263
7753
7822
7892
7752
7054
7263
7822
7823
7333
7194
6774
6775
12012
6774
8032
7892
7962
7892
4680
4540
4679
4539
4260
4330
4190
4051
5168
4819
4261
3841
3842
3771
3841
3631
3352
3562
3492
3772
3841
4819
4260
12641
6635
6495
8102
8241
8660
8800
8171
4050
10057
4609
8031
7962
6774
5029
3841
3492
6076
4050
3841
4470
5029
3981
6425
5308
3632
3772
3562
3632
3353
3073
3841
4051
7823
3143
8242
7613
4610
9987
9429
4051
3771
4400
9219
6286
3772
4679
7822
6635
4191
3771
8800
9010
6984
6914
6215
5867
7054
6914
6845
6425
6215
5936
5867
6844
8450
11594
24584
7473
8311
10965
8939
10266
9149
5168
5099
7543
7333
6146
7054
7264
6565
6286
6495
6775
7264
6286
6286
7752
7612
8241
7124
7333
4819
4679
4680
9080
7822
7752
8101
7962
5657
6495
5238
5517
8171
8032
7683
7753
7752
8660
6355
6355
6006
5937
5307
8590
8730
8451
8451
8381
9079
8521
8451
8102
7962
8940
9009
8800
8381
8171
7892
8940
8730
8451
9010
8590
8102
8032
7962
8939
9009
8661
8869
8450
8381
8032
8241
9359
9010
8590
8381
8102
8800
8381
8451
8311
8939
9010
8800
8311
9010
8730
8870
14248
15714
8450
8171
7962
8172
8939
8381
8102
8939
8591
8241
7962
6914
8381
14737
8171
8520
15156
10686
7263
11454
10406
8940
13200
17530
14038
13689
6774
7054
7054
7054
7054
7263
7752
7962
7892
8032
7822
7403
7613
7753
7892
13549
7752
8520
8660
25632
8102
8171
7892
9080
8451
7962
7752
7683
7473
8870
7892
7752
7892
7823
8171
8172
8032
8241
8102
9009
9079
9010
9009
8870
8311
12851
9498
9219
8939
10266
9219
9288
8870
8730
8660
8450
8591
8311
8381
9358
8939
8521
8381
9359
8940
8660
9499
8870
8521
8521
8381
8381
9568
9149
8869
8520
8381
8451
9568
9638
10476
15016
13828
8381
9428
10197
9638
9498
9149
6007
9079
8241
10197
9219
9708
6076
8590
6286
6355
10197
10057
9569
10127
9707
9569
9499
9149
9149
10127
10127
9848
10127
9707
9498
9288
10127
9848
9569
8940
9009
9219
8939
9010
9080
10127
10057
9568
9289
9150
10057
9987
9289
9219
9080
10127
10057
10197
9777
10127
10057
9568
9359
9079
9010
9289
10127
9638
9149
9150
9987
9708
9498
9428
9219
8800
9639
9080
10197
10267
9848
9708
9080
9289
14387
9009
8870
9289
9289
9010
9010
8870
8730
8870
9010
10127
9499
10057
9778
9289
9009
9289
10057
10197
9638
9219
10267
10406
9918
9708
9568
9638
9568
9498
10267
10127
10197
9778
9778
9918
9708
9568
10407
10406
10267
10127
9568
9848
9429
9359
9708
9568
9429
10336
10336
10337
10057
9918
9638
9638
9638
9498
9498
9358
9499
9289
9219
9988
9917
9708
10197
18019
9778
9568
9498
10546
10476
10826
10476
9848
9777
10825
10127
10406
9987
9918
9708
9638
9568
9778
27657
9638
9638
10755
10686
10336
10756
10476
10057
9917
10755
11174
10755
10406
10057
9917
9777
9638
9498
10826
10616
10127
9848
9918
10127
9918
9569
9918
9987
9848
9987
13409
9428
10546
10127
11035
10476
10127
10406
10685
10127
9917
9568
10965
10895
10477
11104
11175
10966
10756
10825
10896
10616
10546
10686
10825
12432
11454
11454
11873
11803
11942
11873
11733
11803
11523
10965
10476
10616
10546
10616
10407
10127
10406
11663
11314
13200
11664
11245
10896
10895
12781
11734
12851
15086
16692
20813
20813
12711
7054
21022
10127
9638
9568
9568
7194
7333
7054
6984
6704
6774
6635
6984
6286
6285
6495
8520
12292
6076
11593
13130
17600
17740
11384
11105
11035
10196
10686
10616
10965
10686
10615
10546
10895
12292
8451
10755
11943
20604
19346
10896
9708
8241
32407
12641
6006
5727
8451
13060
16762
6076
6845
17111
5448
5238
5029
5867
7264
6006
11034
6216
5238
6216
12362
12990
17461
9289
5378
5378
5308
5029
5028
9988
17111
8660
18578
13828
12222
10057
5518
5098
6705
6006
5937
5937
5797
7054
7403
11524
17461
12501
12501
14876
13130
6216
7333
10197
9708
5658
4959
7892
11733
15505
16762
6425
9988
16343
12083
16203
12362
16134
11105
13619
16273
17181
14387
14876
14597
6425
5867
10197
16064
6215
13409
17111
22908
16413
21930
10965
17391
22280
18368
13479
18089
37435
17600
14736
21301
15365
11454
15644
21302
30730
21651
16203
13550
7194
6496
5866
19975
6495
9429
9219
15993
7753
13619
9708
11454
10546
9498
12712
17810
17950
16902
15296
14247
24375
16343
15016
17670
12781
17391
18857
18019
5657
6565
7683
9009
18229
15924
16203
10825
13968
9219
7612
7193
7822
12013
6215
8940
6914
11454
10546
10755
7822
7613
10266
12013
12432
13130
9778
12082
12292
10127
9708
11384
16483
11594
7892
18158
11803
15295
17599
8800
17460
12222
9777
11524
13410
10965
15784
19625
16552
13758
13270
6355
16692
16343
19276
17390
16483
16203
11035
5168
6425
6076
11245
18508
15505
9638
9638
12571
11524
6705
10057
19276
8102
8381
4819
5029
4889
5239
5518
5936
10267
7124
4889
4819
5029
6565
5098
5587
5099
5099
5588
5378
5238
5238
5238
11314
5308
5168
6495
8311
6845
17042
15645
7542
5587
5448
5867
5098
5028
5797
7054
6006
5587
7194
8171
8730
7543
7892
9010
10616
9778
8940
9080
6844
6914
5448
5657
8800
8730
8870
9847
8660
7124
6845
6635
14458
6076
5377
5169
5308
5098
7962
13758
6076
9848
5518
5098
6775
18508
16063
6844
10197
7403
7543
8590
6495
7683
6984
6077
8869
9009
11803
14038
10896
10126
9708
8800
8730
10476
9848
5308
5307
19346
23676
18229
20114
19556
18718
17530
18158
19416
20044
18578
18578
18997
10756
6775
5587
5657
6076
6076
6216
5518
5866
5308
5098
4959
6775
6495
6425
6495
8660
6565
6356
5867
20045
24374
24095
21511
10755
10406
21232
11175
18229
23397
19975
6704
16343
20184
6425
19975
19555
8032
6216
6286
15715
12082
13688
18089
5866
6775
18368
18508
20603
15574
10197
18718
6146
6914
13200
12362
18228
13200
17391
19835
7682
14596
20463
11035
13270
20533
9009
6565
10057
16901
21441
24793
16832
23676
24863
5168
10476
19555
13968
8311
6006
11035
20045
5937
13479
16692
14178
10406
5238
6007
9708
17600
16483
9359
9359
10826
10686
18019
9358
24724
18997
15644
5169
5238
5168
5238
15365
20184
6425
15295
13968
10825
9708
10407
10826
11594
11384
12641
10476
13410
14666
14597
14527
15016
16273
17111
16482
17111
15505
16971
13270
17391
15296
15435
20254
15226
17251
14108
16692
21302
17250
21302
18019
11454
13619
8241
10965
10057
18298
12222
9777
8521
17949
16901
18857
12083
16203
21511
16483
11034
17181
15365
16622
12921
10127
13549
12641
9708
6076
13200
16064
16832
16622
15225
12501
11943
12920
14666
7473
10756
14527
22279
19905
11594
10896
14247
9080
9219
13479
13759
16273
20044
18648
17181
17880
18578
25352
19206
20393
19066
19695
17530
16972
21511
16203
6426
16762
18997
18508
51053
11663
13060
13200
13759
13060
22349
11315
11733
11663
12781
13409
9010
6216
6844
8311
18228
14946
16203
13689
18996
13968
18647
12920
6426
6635
6286
6215
6775
7403
7613
7753
6355
6076
8031
6425
6007
5797
6006
6076
16063
5518
5238
15645
9779
9079
22559
20254
10546
7194
5308
20743
5937
6006
6635
6635
7613
8311
6007
6146
5308
6775
5099
6215
6425
7333
15155
9778
5867
12432
19625
5378
5377
5168
6775
5447
5448
5657
10058
15854
12362
10336
17181
15156
12920
20044
19345
19555
14248
17600
6286
5867
6285
13200
15645
15505
14946
16902
17530
20393
16902
20813
6705
10057
11174
11175
5517
5377
6565
14317
15435
16622
7613
12013
14806
12432
17391
13689
19695
21720
19625
11175
8521
8451
9429
18577
18857
18926
10686
8870
7473
6984
7403
7263
11663
17041
20394
10057
11803
18926
15994
16971
16203
17670
14248
11314
15155
16692
16134
17321
12083
20045
15365
18368
16902
14108
12991
18228
14108
22699
21162
21232
15225
7612
15015
11873
8451
16692
23955
24165
11943
15016
12571
13270
12641
14737
13968
15784
17180
16483
19206
15365
13409
13898
12712
8800
19975
14736
13200
12083
12990
15574
6914
6705
17600
20812
12502
9987
9778
9359
6844
6496
9359
13619
10337
15854
14248
20673
19416
17391
19905
18648
10406
8242
9498
8870
11523
9149
7334
5867
6845
13689
10756
12501
17670
17181
11663
11803
11454
8730
18158
8939
7403
7892
9149
22699
19486
19207
16552
10406
12432
11314
10965
13130
17949
18438
14457
22838
14806
11593
13689
22908
14457
15226
23187
19136
17600
18089
14876
10336
15575
9150
7473
7613
7124
17460
6216
6496
9080
10476
11803
14597
23258
21372
8800
7613
18228
9988
27238
27029
27867
14388
17321
30101
29403
22558
21092
22279
22628
17670
18927
15644
21092
16203
11943
19136
18438
21162
17879
17599
21511
20114
12990
14527
23746
11803
14108
16622
15994
17391
14737
12920
12920
21092
20393
20464
20883
23187
19765
28565
17880
13339
11663
10197
12711
14946
12641
13828
11175
13898
12851
14736
15295
15225
16971
21511
28216
20323
12222
15435
22209
18089
16343
18927
25003
19555
23606
23396
15295
37365
17670
16971
22418
11384
12082
13759
28704
9149
22279
10756
8869
13968
13759
12362
9708
16902
15854
11315
21162
16064
11664
8241
6984
6635
6775
15365
13200
12222
11314
12571
20883
21581
25632
20533
20533
19346
24025
18717
14876
7124
6705
6285
6496
8591
11663
28635
40578
12502
8241
7753
27238
24514
26470
19206
19345
17460
11664
10267
7403
14108
7612
11035
7962
27517
22349
10476
6565
6355
5797
6006
6006
6006
7264
8241
9708
10966
7752
8451
8450
13689
8730
7961
14178
20533
17042
8101
6355
6426
6076
8590
15644
11035
15156
19695
17949
10546
8939
9987
11105
13130
13758
10895
12222
12781
12292
11663
12292
15784
16832
28845
17809
13479
21930
13200
9778
6146
15226
20952
19067
18717
22559
18857
23606
23397
12920
9987
9847
11104
10057
10756
9358
6844
6565
6565
8451
14038
16343
14877
13688
8031
6774
7682
8520
6635
6705
6565
7403
7613
9149
6914
6705
6635
6705
6635
11943
13759
6007
5797
5727
6076
6146
6984
11593
18648
17670
9149
15505
15156
12362
10546
9638
9638
9219
9219
9149
12641
12781
11663
17111
13828
23467
15575
17251
14248
22070
20742
28286
14946
14736
7962
6356
7962
7194
6495
6496
6845
6774
7613
7892
8172
8730
16972
8172
7473
8381
6007
6216
6355
6077
6216
7683
8031
9219
10057
9499
12361
13549
11035
11594
11034
12152
12292
12013
12083
13688
23816
18298
16483
23885
25142
24374
23257
24165
28984
22977
20883
25143
25003
24305
11734
13131
6426
8241
8661
10546
7263
6286
7962
23117
14387
25073
18438
9219
8451
8800
9778
13270
16343
7892
10336
10546
10476
11803
10336
13130
12851
22140
24933
23746
8381
15505
18857
13200
18298
15575
11734
17111
7961
6285
6774
6565
6635
8381
8730
8660
8241
15295
22279
20742
7892
11175
7263
8311
12781
9429
6705
9428
12432
11314
9079
12012
14038
9708
12013
19696
13619
11454
8032
6635
6076
24165
9079
10546
6356
13409
8171
12851
9638
8102
8660
12572
14038
13898
13061
12292
12152
12082
12501
20254
9359
12431
15086
16203
14597
14457
16133
8172
12641
14457
14527
9499
9568
12712
14248
12292
12431
12781
14457
11943
16203
6914
6984
12990
11314
16133
50006
9428
7822
8730
8102
10197
13759
9709
8940
9079
32057
22000
13131
10895
7683
8660
9707
9079
7124
7264
25142
24235
6775
6774
8241
7403
6775
11524
6775
8381
7962
8521
11803
13130
11384
8661
15644
19136
20324
16971
20394
15994
18787
17041
24025
22838
19974
18019
17949
17949
11035
10127
9848
16622
11803
15784
12362
10476
13898
10197
10615
8870
16971
18438
24514
24654
24305
18578
18298
24165
18648
11035
8451
13619
18438
48050
11104
11594
12850
13759
11384
11524
11524
13131
13689
13549
13689
13549
13270
12920
13619
13200
12222
6984
6844
7054
6915
7124
6984
7333
7683
10826
10127
10826
13060
10826
8381
7194
6845
9289
6984
6915
7473
6914
7124
6915
6984
6984
6984
6984
6844
6915
7124
7054
6914
7124
6844
7194
18997
15086
14946
21511
21581
17670
26749
9149
14737
14038
13409
14108
14039
14178
13619
13130
14107
14178
13898
14387
15015
14248
15296
7822
15854
7752
14946
16413
35968
14387
12571
13689
13829
15295
15225
8311
15923
12851
13619
26330
22069
14806
10546
10127
11175
33244
23607
30172
15085
25143
13689
13759
20812
7403
35270
30870
16762
10057
11174
9848
10197
10477
9848
13479
13270
10895
14317
14248
14178
13689
13340
13340
13060
13130
13130
13409
14666
14667
14178
14737
13898
13899
13968
13899
14317
13758
13968
14038
14457
14248
14038
23327
14247
14526
14737
14667
15015
14946
23467
15365
15226
15575
15575
15365
15924
15644
16831
16832
16901
16901
16553
16762
16343
16413
16553
16622
17670
17390
17251
18019
17180
16901
29683
17739
18927
17250
17391
16901
17181
17181
17530
17250
17251
16901
17600
18787
17111
17111
16692
18368
17391
17251
17041
17320
16832
18019
18228
17251
16342
26190
18857
11175
11175
11733
12991
16623
17111
19765
24165
24584
25701
26469
34990
9569
15365
12571
29612
19765
16902
8521
9359
9149
9708
18578
27308
26610
16971
33594
14038
7263
16272
15784
14038
16342
28844
24863
7612
12292
14806
10826
10127
10336
10965
15016
18508
24654
18717
20044
6775
13549
6565
6425
6844
8381
11873
20673
13479
13480
7682
7962
7822
7752
13200
15086
10896
13619
13688
14666
14038
13549
13829
19556
14527
14178
13619
14457
14736
14387
13968
14667
14666
14107
13968
15924
14946
14737
14107
17041
15155
15295
15016
14666
15505
15016
14736
11175
17949
17041
16832
16692
11314
15085
16692
10686
10546
10825
16692
16622
16552
10616
16692
16553
16552
16901
16832
17041
16901
17111
17320
18298
18299
17739
17740
17600
17181
17251
17530
17321
17460
17390
17670
17320
17111
17531
18717
18019
18648
18089
18577
18089
18647
18159
17949
17460
17461
17181
18507
18508
18018
17669
17460
17460
18647
17950
17460
17111
18787
18158
17321
17670
17391
18927
18787
17879
17460
18717
18159
17669
17600
17879
17390
17181
17181
17250
17111
17111
17460
17251
18577
17949
17670
17111
17181
17111
18438
17949
17461
17251
17181
18368
18438
18089
17111
17460
17390
18438
18368
17809
18298
18507
20813
17670
17740
17391
17391
17111
17530
17391
17251
17251
17250
17321
18438
18438
18507
18019
17740
17530
17461
17390
17460
17251
17251
18508
19695
18019
17600
17600
17181
18508
17460
17740
17321
17390
17530
17320
17251
17251
17111
17320
18578
18578
18508
18298
18088
17670
18578
18577
18228
17879
17739
17390
17390
17390
17391
26400
17600
17251
17600
17251
18787
18718
18368
31847
31288
17461
17320
17530
18718
18648
18647
18228
17530
18717
18578
18438
17390
17320
18089
23187
17460
17530
17670
17531
17250
17600
17391
18647
18647
18299
17810
18578
18647
18019
18019
18927
18019
17810
17740
17460
17739
31289
17461
17460
18857
18298
19347
17670
17740
21372
27727
40647
22559
24654
30171
17390
18158
17809
18299
18647
18159
17740
17879
17600
17600
18927
17530
17739
17600
17321
17391
17670
17600
17600
17530
18858
19346
22488
27867
41485
39390
32337
29333
35689
31079
19696
17809
17321
17670
16552
16762
17111
16902
27588
13759
14946
14388
16692
14807
14807
14806
17810
17530
16203
16971
19067
19556
24025
41067
42044
38342
24863
16483
16482
16413
16622
16762
17250
18578
18648
19067
18717
17879
18019
17949
17740
18857
18997
18997
18368
17809
43092
17670
17739
17809
18857
16692
17949
16482
17949
18088
19206
18717
18368
18857
18229
18298
19346
18997
18508
18089
19416
18647
18368
18368
18089
18368
18089
18438
17600
19206
18508
18158
17949
17320
17111
18718
25911
18508
18298
18578
18438
18089
17739
19416
18507
18857
18717
19416
18996
18787
18158
17809
18228
19625
19415
18857
18438
18369
18927
18438
18438
17809
19485
20184
19626
19835
19625
40647
21721
17041
16692
17251
17111
17041
18507
18438
17809
18159
18089
27448
18369
18089
18089
18088
18019
19415
19276
19416
24653
18647
18507
18089
21580
20952
20184
23327
31428
32546
35410
29333
20464
34292
29333
32686
13689
18159
17321
18438
18787
18647
18788
18299
18368
18438
18577
18578
18438
18438
19625
19555
19277
18787
18787
18438
20184
19207
19206
31778
18577
19485
19626
18229
18717
18997
19904
18857
18508
18228
19067
19067
19137
18578
37086
19765
19346
18717
18508
18577
18368
116775
18647
18648
19136
18718
18508
19905
19416
19206
18857
18578
18508
18368
18368
18298
18368
18228
18298
19626
19276
18787
18508
18648
18648
18578
18508
18298
18508
20254
20254
19626
19206
18718
19904
19415
18997
18298
18229
18508
19556
19695
19416
18787
18508
18089
18019
18298
19555
19136
18927
18787
18647
18438
19486
19277
20254
18299
19206
19136
18788
18927
18787
19067
19206
20184
20044
19765
19625
19346
19066
18857
18997
19346
19207
19416
19625
20184
20114
20184
19904
19485
20045
20253
20184
19975
19556
19346
19346
19066
18647
18927
19137
19416
19137
19346
18927
20672
20533
20324
19485
19416
18997
18787
18927
19067
19137
18997
18718
18717
18788
19207
18857
18438
18717
18578
18578
18717
18788
18648
18926
18788
19207
19067
18997
27378
18717
20324
19905
29334
20393
20115
19696
19556
19346
20254
25422
21720
20253
19835
19346
19206
20184
19765
19137
19136
19066
19066
18926
19136
18857
20044
20324
20044
19346
18857
19416
33384
13270
25073
13549
22210
11314
10406
10266
9708
9778
9777
31848
17530
16831
18299
17321
17041
17251
16203
17391
13898
14038
22698
26680
30730
15785
22069
29961
8590
25282
16972
12082
16483
15016
16832
15155
15644
17251
17181
11034
17600
25352
15365
11245
14806
28705
33035
31429
11245
8660
8241
8521
8242
8311
8101
7962
8241
14108
9568
15016
10476
12571
10477
9429
9778
9499
14806
12292
12292
12571
13480
14667
16064
14387
14736
16203
15854
15365
15574
16832
20952
21930
12362
12082
9219
9498
15434
28844
18159
11524
11524
8311
8311
9010
8311
8102
8032
9079
15086
9428
9708
10686
8870
9638
16832
18088
15714
12292
13968
18368
10267
19626
19975
31568
17600
10685
9918
10336
10616
10337
11105
11104
10127
8800
10337
22698
16622
8311
10965
10337
23537
18648
16622
14317
14107
9847
12222
24933
28076
30451
30521
18299
14737
18508
19905
16901
13759
11523
13199
11664
10965
11943
14667
10546
9917
8870
17251
18368
21860
13549
12292
11454
9707
8590
9359
8660
8730
8731
8800
9149
8660
22489
16552
11035
12362
13409
32057
25981
13130
9987
7753
8521
7752
18089
16972
17810
17669
13270
15434
19207
18858
27238
22698
22070
30241
41137
29752
39181
37924
13480
8102
14178
15505
15155
17669
21442
9987
18089
18996
22419
14387
23676
27587
23187
82482
31219
9708
22908
11873
10896
10825
12921
23816
30031
30101
22139
18019
23746
11104
18578
14457
14317
11594
22768
9080
9777
10686
20324
12501
10546
13409
13130
11454
10406
9708
12641
27028
10895
26889
28355
31009
15784
17879
24305
33314
23187
18228
18368
15086
11035
10406
13410
11314
9847
9219
15365
10895
11454
9917
12292
22628
18018
18787
16064
23536
23397
15296
9848
12082
14178
17041
20603
17739
14806
14946
12222
14317
10756
10896
10895
15715
15645
11663
12641
17739
15504
13339
18997
27238
