2026
908
838
1118
768
768
699
698
698
1048
1118
838
1047
839
769
698
699
698
698
1048
1048
1117
1118
908
838
908
768
1048
1117
1676
908
1118
978
768
908
1047
1117
1118
1048
907
698
699
698
698
699
699
699
1117
1117
769
978
1118
1047
699
698
699
699
1187
1047
1048
1117
908
768
698
1117
838
908
768
1117
978
698
699
1327
1117
908
908
699
1048
838
1118
1327
838
1117
1047
768
1048
838
768
698
1117
908
768
699
768
699
1118
1117
978
1047
838
978
1048
838
699
698
768
768
768
768
698
699
1048
1676
1327
1676
1048
1047
1047
838
699
768
1118
1048
1048
1118
1117
1327
838
838
768
1118
1117
1118
1117
1327
908
1536
978
1187
1118
1257
1047
1047
1187
1047
1118
1188
1746
1047
908
1117
1676
908
977
839
699
1746
908
768
1117
839
907
768
769
698
698
1117
838
908
1118
1117
1187
1048
768
1117
1118
908
838
1746
1117
1257
1117
908
1117
978
1187
1117
1118
1257
1117
768
1257
1047
1188
1048
1187
1117
838
1187
1118
1118
1047
978
768
908
1187
1048
1815
1886
1187
1187
1746
1397
1397
1257
1327
1327
1048
1118
1117
1047
977
978
907
978
908
1327
1048
1048
838
838
1327
978
1118
1955
1466
1188
1397
1257
1257
1327
1117
1886
1327
1048
1327
1048
1327
1397
1188
908
977
1048
838
1118
1117
977
838
908
768
908
838
1187
1257
908
1187
1397
1187
908
1396
1466
1327
1397
1396
1537
1467
1397
1327
1397
1397
1187
1536
1327
2026
1397
1467
1397
1257
1117
1118
1885
1466
1257
978
908
1397
1327
978
1606
1396
1187
1327
1117
838
1188
908
908
768
838
768
1048
1187
1676
1048
978
908
908
1536
1467
1467
1327
1187
1327
1327
1257
1467
2026
1257
1188
1327
1188
1467
1397
1327
1536
1327
1257
1467
1258
907
908
1397
1257
1327
1956
978
977
1397
1187
1397
908
978
838
768
698
1047
1117
1117
838
768
908
1816
978
1257
1187
769
1117
839
839
1187
1257
908
1187
978
908
1257
838
838
838
838
768
1816
1188
1188
978
768
1885
908
838
769
1188
838
908
1257
978
838
908
978
908
1466
1048
1047
1118
838
768
1047
1047
1188
907
1187
1397
838
838
699
1815
978
1815
1467
1396
1257
1327
977
1327
1257
908
1257
1188
1118
908
1048
1467
1257
908
1397
1188
1396
1118
908
1257
908
1467
1257
1956
1327
1117
1327
1327
1397
1327
1397
1537
1537
838
768
768
1257
1117
908
978
908
908
908
908
1397
1396
1537
1327
1257
1048
978
908
1956
1537
1187
1117
1048
1118
1117
1048
1257
1048
1047
978
1536
1606
1397
1467
1048
1048
1047
2165
1537
2165
2025
1187
1327
1327
1048
1118
2235
908
838
1117
769
1048
908
978
978
1188
1187
1187
978
978
1257
1257
1047
1047
1118
978
978
1466
1467
1327
1257
1537
1536
1396
1188
1048
978
1467
1467
1258
1118
1048
977
1257
978
977
978
1467
1536
1327
1885
1746
1606
1536
1676
1606
1327
1327
1467
1257
1467
1537
1187
1257
1397
1117
1537
1606
2095
1676
1606
1746
1606
1676
1676
1467
1396
1397
1397
1396
1397
1397
1677
1676
1536
1536
1537
2794
1466
2095
1746
1537
1746
1397
1467
1327
1327
1536
1327
2026
1676
1327
1327
1327
1327
1955
1606
978
769
838
908
838
838
1048
1187
1118
1117
1117
1048
1048
1676
1397
1257
1187
1397
1187
1187
1327
1327
1188
1886
1397
1816
1746
1327
1956
1886
2026
1886
1327
1886
1117
1746
1746
1536
1327
1816
1956
1816
2096
1606
1397
1397
1886
1676
1607
2025
1048
1607
1118
1188
1047
839
1048
1397
1117
1187
1536
1397
1327
1327
1397
1257
1257
1188
1396
1397
1327
1257
1327
1257
1257
1257
1258
1257
1257
1257
1327
2165
2445
1746
1537
1327
1467
1327
1607
1327
1327
1327
1466
1327
1397
1396
1327
1327
1886
1886
1118
978
1676
768
978
838
978
838
1048
1187
1187
1187
1677
1676
2514
1746
1257
1187
1816
1606
1397
1188
1886
1886
2165
1537
1327
1187
1327
1676
1466
1396
1397
1396
1327
1397
1397
1606
1327
1397
1397
1327
1327
1327
2025
1676
1606
1607
1677
1676
1117
1397
1188
977
1188
1327
908
1117
1117
1048
1118
1118
1886
2025
1676
1466
1467
1327
1467
1467
1816
1536
1466
1397
2584
2025
1676
2095
1677
1466
1467
2165
1606
1886
1606
1607
1956
1607
1537
1467
1606
1816
1536
1536
1537
1536
1537
2444
1815
1606
978
908
908
838
1118
978
1187
1606
1746
1676
1467
1397
1536
1536
1606
1396
1467
1467
1676
1467
1466
1467
1886
1467
1746
1746
2096
1885
1816
2165
1816
1466
1607
1676
1676
1606
1607
1746
1607
1536
1537
1537
1536
1536
2374
1746
2165
2444
2235
2025
1327
1188
2235
2445
1816
1956
2025
1746
2095
2305
1606
2584
3283
2584
2235
2444
2026
2305
2445
2025
2863
2654
2235
2235
2305
2025
2025
1956
2025
2025
3142
3353
2514
2584
2514
2096
2165
2794
2794
3003
3352
2724
2654
2304
2235
2374
2654
2445
2375
2584
1117
977
1187
1327
1466
1536
1326
1257
1257
1118
1187
1188
1537
1327
1746
2095
2095
1816
1816
1885
1955
1746
1955
1955
2375
1956
3422
2304
2165
2095
1816
2374
2863
1816
2305
2304
2235
1955
2724
2723
2793
3003
2514
3143
2864
2514
2444
3073
2864
2794
1466
1676
2375
1886
2166
2165
2096
2305
2374
2026
1956
1886
2375
2095
2026
1956
1885
1886
2235
2235
2304
2305
2235
2235
3004
2654
2934
2864
3143
2585
2584
2304
2654
2793
2654
3283
2863
2863
2654
2305
2724
2863
2934
2654
2863
2514
2515
11593
2514
2514
1187
1537
1257
1397
2025
1746
1956
2165
1467
1466
1606
1746
1886
1956
1886
2235
2305
3283
2863
2165
2026
2584
3003
2584
2863
2584
2584
3143
3073
3283
3073
2933
3283
3212
3562
3073
3562
3283
3422
3213
3143
2864
2793
2864
2863
2864
2794
2724
2794
2793
1188
1746
1607
1467
1676
1606
1816
1816
2095
1956
1886
1886
2235
2234
2375
2095
2514
2445
2165
2584
2724
3073
3003
2723
2584
2444
2585
3073
3562
3352
3143
3073
2794
3282
3004
3212
3283
3143
3492
3282
3143
3073
3003
3282
3213
3003
4400
4191
4330
4190
1187
978
1257
1536
1467
1467
1327
1327
2165
1886
1956
2934
2235
1956
2515
2304
2514
3283
2933
2654
2375
2794
2445
2305
2724
2375
2724
2654
2584
2584
11943
2235
2235
2933
2794
2934
2584
2794
2584
2445
3213
3073
3003
3143
3492
3632
3701
3213
4261
3702
1955
2235
2235
2654
2863
2654
3003
3981
3283
3073
2863
2793
3213
3422
2933
3003
3631
3003
3003
2724
3632
1816
3422
4051
3283
3492
3841
4191
4330
3911
2374
4051
4121
4540
4260
4819
4050
3562
4051
4121
3702
3981
4610
4539
4121
4819
3911
3701
4190
3841
1606
1816
1536
1816
2096
2165
1955
2724
3004
2584
3282
3492
2305
2445
2864
3143
3003
2723
3003
2933
3212
2724
2863
2793
3562
3213
2933
2863
2723
3353
3771
3213
3562
3911
3283
3911
3911
3143
3352
3701
3702
3631
3353
3701
3632
3492
3423
3981
3981
3702
1746
1676
2445
1886
2026
2444
2025
2584
2793
2514
2514
2235
2445
3003
2793
3143
3212
3282
3422
2793
3562
3283
3422
3492
3423
3422
3353
3422
3422
3353
3352
3073
3631
3283
3143
3702
3213
3631
4679
3702
3352
3423
3911
4959
4121
4331
4330
3981
3981
4540
2166
2305
2514
2514
2165
2793
2654
2863
3143
3213
4051
3771
3142
2794
2794
3492
4050
1816
3353
3073
3003
2933
3353
3492
3422
3282
3143
3632
3632
3911
3771
4609
3911
4121
4330
3771
3841
5029
4609
4191
4749
4680
5028
4959
5518
5308
5238
5378
5028
4888
1188
1327
2026
1397
1607
1537
1677
2025
2095
1676
1886
2235
2515
1327
2235
2165
3143
2305
2235
2515
2654
2514
2584
2864
2654
2864
2864
2864
3003
3422
3492
3212
3981
4191
3631
3981
4121
4400
4400
4539
4539
4749
4190
5308
4679
4539
4610
5028
4331
4749
1117
1257
1257
1815
1816
1747
2025
2235
1956
1816
2096
2794
2933
2654
2933
3282
2863
2794
2723
2584
3632
3073
3073
3283
3701
3352
3702
3841
3142
3562
3422
3562
3422
3282
4051
3493
3771
3981
3912
3771
3631
3702
4191
4470
5028
4959
4330
5098
4540
5029
1955
1816
2025
2445
2793
2794
2724
2794
3283
3352
3771
3772
3283
3492
3771
3632
3911
3701
3283
3702
3981
3561
4120
3981
3701
3423
3282
3702
4470
4051
4330
4121
4191
4330
4330
4191
4400
4470
4470
4400
4260
4051
4610
5378
5098
5238
7263
7822
7194
7404
977
908
2025
1676
1676
1607
1746
1746
1606
2235
2374
2096
3003
3073
3073
2864
2933
2724
2724
3282
3213
3143
3353
3423
3422
3003
12013
3143
3702
3492
4121
3631
3562
3492
3981
3702
3631
3841
3981
4609
5099
5168
4819
5098
4889
5238
5238
5029
6006
5657
1327
1397
2374
2025
1816
2375
2934
2864
3213
3073
2863
3771
3981
1955
3841
4190
3771
3492
3422
3422
3701
4190
4260
4400
4540
4959
4540
4261
4190
5099
4889
4540
4959
4680
5168
4610
5029
4889
5937
5028
5447
5029
4889
4959
5308
5098
5936
5238
5657
5587
1466
1815
2235
2445
2514
2026
2514
3702
3353
3701
3422
3631
3492
3562
3771
3772
3632
3771
4889
4889
4889
4819
4470
4610
4819
4958
5448
4749
5238
4959
5028
5238
5588
6216
5657
6006
6006
6147
6076
7054
7333
7404
7682
7334
8032
7822
7613
7403
7613
7822
1886
1258
1606
1885
1397
1816
2235
2375
2444
2863
2305
2375
2305
2305
2934
2584
3073
2794
3841
3981
4260
4050
3841
4120
4121
3981
3981
4330
4679
4469
4469
4819
5098
4819
7194
5517
5657
5518
5447
5518
5168
5797
6774
6914
7124
7054
7403
7333
7683
7683
2444
3423
3073
3562
3423
3492
3841
4400
3911
4260
4610
4819
4540
6146
6216
5028
5378
5308
4679
5587
6286
5797
5936
5657
6495
7543
7613
7124
6984
6775
7194
7892
8381
8032
8031
7892
7613
7543
7893
8311
8171
8102
7962
8102
8800
8521
8311
8242
8171
7962
2096
2305
2445
3003
3143
3073
3422
3492
3771
3911
3981
4121
4819
4819
5168
5378
5098
6216
6495
4958
5029
5797
6355
6286
6146
6076
7403
7682
7752
6425
6845
7194
7124
7263
7543
7543
7333
7962
7961
7962
8381
8870
9150
9150
9009
9009
8591
8591
8520
8869
978
1537
1327
1397
1816
2165
1885
2025
1396
2025
2584
2723
2794
3213
2724
2794
2724
3352
3353
3772
3841
3282
3142
3353
3631
3492
4469
5029
4959
5238
5867
5238
5308
5447
5867
5727
6915
6705
6984
7194
6914
7473
7683
7403
7752
7962
7892
7892
7682
8381
2724
2026
2724
2724
2723
3073
3283
3003
3143
3632
3422
4051
3911
4330
4400
4191
4610
4610
4889
4400
4540
4539
5099
6076
6496
7403
7613
7752
7403
7682
6146
6216
7054
7124
7543
7194
7333
7194
7334
8171
7683
7961
7683
7822
7752
8032
7543
8661
7822
7822
2375
2375
2863
2304
2934
3213
3212
3842
3352
3353
3701
3911
4819
3911
4190
4609
4260
4330
4819
4609
4470
4679
4679
6076
6635
5238
4819
4889
5727
6215
6635
6984
6914
7543
6775
6216
7264
8171
7124
7752
7752
8101
8101
8171
8031
8451
8451
8242
7892
8241
1466
1536
1955
1886
2515
2514
2724
3143
2933
3142
3283
3422
3981
3562
3422
3702
3632
3422
3352
3841
3492
3981
4261
5099
4610
4051
4330
4330
4539
4749
4819
4889
4889
6076
6425
6146
6705
6425
6426
7333
7822
7962
7822
8520
8032
8032
7753
7683
8171
7962
2305
2305
2654
2864
3073
3352
3282
4051
4260
4540
4749
4400
4749
5239
5308
4539
5936
5308
5518
5797
4889
4749
4470
4679
6006
6216
6146
6076
6914
6845
6565
6565
6356
6914
6705
6844
6774
7962
8521
9289
8870
8660
9987
8450
8450
8660
8101
7752
8032
8032
1048
1047
1607
1746
1397
1327
1886
2165
2724
3423
2724
2864
3282
3492
3283
3073
3353
3073
3073
3352
3352
4050
3702
3772
4191
4540
4191
4260
4330
4190
4190
4959
4749
4819
5308
5099
6286
6495
7403
7683
7892
7683
7822
7752
8101
8380
8172
8032
8870
8451
1956
1537
1956
2095
2095
2235
2445
3422
3004
2724
3422
3562
4889
4959
5098
5168
4749
5168
6425
5308
6425
7473
6705
6634
6496
6984
6635
6844
7054
7194
6984
6774
7124
7473
7473
8660
9009
9219
8870
9639
9149
9499
8939
9009
9009
9289
9288
9289
9219
9289
1607
1816
2235
3213
3282
3353
3212
2933
3562
3422
3422
3143
3422
3772
4191
4400
4540
4889
4610
5168
6425
6565
6216
6845
6774
6845
6774
7193
7403
7473
7473
7753
7962
8242
7892
8591
8870
8939
8870
9079
9009
9569
9289
9289
9289
9219
9289
9289
9848
9988
1816
2235
2025
2305
2584
2794
3073
3353
3632
3841
3981
4260
4540
5098
5307
6216
5307
6215
6704
6774
6565
6845
7683
7822
7543
7403
7543
6215
6705
8031
7962
8451
8381
8521
8450
9848
10266
10267
10895
10686
10406
10267
10337
10266
10197
9708
9638
9777
9219
9219
1467
1536
1886
1816
2025
2166
2444
3073
2863
3352
3004
3282
3631
3212
3702
3702
4051
4051
4889
5587
6355
6635
6985
7612
7613
7542
7822
8172
8171
8171
8241
8451
8800
8939
8939
9568
10686
11175
10406
10336
10337
10267
9429
10406
10267
10686
10755
10546
10825
10756
1606
1746
1956
2096
3073
2794
2723
3213
3073
3841
3702
4120
4470
4679
5098
5447
5028
5936
6356
7054
6565
6356
7542
6775
7124
7054
6915
6984
6984
7473
7613
7543
9079
9499
9848
9428
9498
9498
9289
9778
9848
10406
10196
10127
10406
10546
11105
10965
11105
10965
838
838
1117
1397
1257
1886
1886
1955
2165
2793
2374
2235
2304
2654
2933
3213
3492
3911
4051
4609
4330
4609
5377
5098
5168
6355
6496
6355
6634
7473
7822
7752
7753
9150
8172
7333
8591
8591
8590
9149
9428
10267
9429
9848
9987
10057
9778
10266
9917
9848
1117
1397
1536
1466
1537
1607
1886
2305
2864
3143
2864
3283
3981
4051
4539
4679
4609
4819
5098
6006
6425
6914
7403
7333
7264
7892
8381
8311
8171
9568
10127
9428
9359
9918
9778
9848
10685
10686
10965
10965
11105
11244
11524
11593
11524
11384
11524
12362
11524
12361
2165
2305
2235
2445
2515
3212
3073
3631
4051
3701
4261
4260
4609
6775
7054
7333
7403
7334
7752
8241
8241
8591
9079
9428
9429
9219
9149
9638
9917
11314
11803
13550
11943
13759
12711
13270
14108
13480
13689
13549
14318
14457
12711
12991
12572
28984
12642
13060
12990
12850
2445
2654
2654
2863
3212
3422
3701
3981
4679
4610
6286
6076
5028
5727
6146
6216
6635
6425
7822
8172
9219
9359
9848
10407
10686
10686
11454
10197
10197
11105
10896
11175
11454
11943
12012
12222
12362
11594
11384
11733
12362
12292
12781
12711
12711
12920
12921
22628
13899
13480
1746
2235
2095
2235
2375
2444
2933
3143
3352
3422
3702
4889
4051
4749
4958
6216
7473
8241
8101
8032
8590
8591
8521
9009
10197
10197
10127
10266
10546
10616
11175
11034
4819
12012
13130
12361
12431
12432
12572
31848
13060
12781
12431
12641
12431
12641
12572
12431
12152
13410
1676
1746
1886
2234
2724
2723
3073
4331
4609
4750
4679
4680
5308
5587
6495
6775
7123
7333
7962
7892
8032
7682
8450
8451
9079
9498
10057
10057
10057
11384
10755
11384
11175
11942
12362
12502
12292
12642
12641
13269
12851
12432
12431
12432
12712
13200
12990
13409
13270
13270
2864
2724
3213
4261
4540
4610
4540
4680
4959
5168
6775
7682
7124
7263
7333
8171
8590
9498
9847
10267
10406
10826
10825
11454
11454
11314
11873
12501
12431
12711
13689
13968
12851
12990
13550
13479
14108
27169
13409
13270
13479
14038
13898
14247
14108
14596
14807
14666
14737
14666
2794
2724
3283
3422
3282
3352
3772
4190
4540
6356
6635
6496
6844
6705
7403
7612
8521
8242
8940
9708
9569
9149
9778
10127
10127
9987
9917
9917
9918
10406
11245
11733
12292
12292
12431
13479
14108
14527
13619
13899
13619
14248
14457
15086
14038
14527
14108
15016
14667
14597
2375
2095
3143
2654
2724
3003
3283
3353
4121
4540
4400
6146
7543
8381
8451
8381
8521
8800
8590
9499
9707
9988
10406
10546
10406
11035
11175
11315
11594
10476
11104
11315
12362
13410
13409
14458
14247
14876
13619
13480
12711
12921
13479
13619
14457
14038
13968
14039
14527
14038
1676
1537
2654
2585
2793
3003
3213
3422
3702
4260
4400
4819
6076
6705
6914
7123
6705
7333
7053
7613
7823
7962
8101
8032
8032
8869
9498
10057
10546
10476
10895
11245
11454
11314
11314
11873
11593
12222
12851
13270
13410
13270
13340
13200
12921
12431
12502
12712
12572
12711
1956
2235
2654
2585
2864
3422
3562
3911
3981
4540
6146
7194
7403
6984
7683
8032
8171
8171
8242
8730
8660
8800
8730
8590
8660
9219
9987
10196
10756
10616
11035
11664
12082
12920
22139
13619
13480
13410
13339
14387
14387
14177
14108
14248
15016
15016
14876
15016
15295
14946
1467
1676
1816
1816
2095
2654
2305
2654
2933
3422
4540
4958
4959
5238
5657
7054
7194
6984
8381
8800
8800
9080
8660
8660
9219
10337
10825
10756
11244
11384
11734
12083
12222
12292
12292
12711
11454
12990
13549
14108
14247
14526
15086
15015
15085
15085
15156
15086
16064
16762
1886
2793
2863
2305
2585
3212
4120
4051
4190
4680
4749
5377
4679
5029
6634
7543
7962
8520
9289
9639
10755
10337
11035
11524
11803
11663
12292
12711
13619
14248
14806
15435
15784
16622
17460
17461
17181
17181
17181
17181
24444
17041
16972
17181
17880
17670
17740
17949
17739
17740
2096
1956
2166
2515
2584
3003
4051
3702
3632
3772
4051
4260
4540
5867
6426
6635
6914
7473
8521
8800
9080
9009
9359
9638
10267
10197
12013
12712
12851
14667
13968
14038
14667
14527
15993
15924
16552
16343
16552
16343
16971
17251
18229
18228
18577
19067
18997
18229
18368
18298
2864
2724
3073
3423
3701
4330
4050
4539
4749
6425
6355
6356
7264
7752
8102
8101
8730
10755
25213
11104
11035
11523
11873
12781
13829
14038
14527
13759
13898
14317
14946
15644
15575
15086
14946
15784
16273
15715
16064
15924
16273
16762
17251
17111
17391
18228
18088
18089
18228
18019
3702
4819
5098
5028
5029
6495
6775
6774
6844
7264
7403
7752
8171
8660
9289
9499
9917
10267
11104
11943
12013
13968
13689
13968
14946
15644
16343
17321
18159
18787
18508
18508
18927
18088
18089
18159
18159
17250
17390
18088
18368
18927
18788
18857
18857
18228
18159
17530
17600
18229
3003
3841
4120
4260
4609
4819
5099
5238
4959
6495
6775
7194
7543
8102
8940
8311
9079
9429
9987
10127
10755
10965
11523
11524
12152
14248
5238
12990
13549
5796
6006
7682
7892
11384
15714
16623
17320
18159
18159
17390
17181
17390
18019
18787
18647
18228
18368
18926
18857
18787
2444
2444
2794
3143
3981
4190
4470
4470
4888
4749
5099
6635
6914
7334
7962
8381
9150
9498
10755
10965
10476
10755
10756
11733
11942
12711
13270
14527
14946
15505
14806
14807
14596
14597
16622
15575
15924
16622
25701
15015
15016
15504
15993
15854
15714
15993
16622
16482
16343
16343
2654
2584
2654
3772
3911
4540
4749
5377
5238
6914
7753
6984
7682
8101
8521
8521
9010
9289
10057
9918
10826
11245
11315
22280
11873
13410
13409
12571
13200
13410
14597
14038
14736
14806
14736
15086
28914
15993
16413
16552
16553
16412
16622
16622
16692
17251
17251
17180
17111
17181
2444
3562
3562
3562
3772
4540
4609
4889
4889
6355
6634
7193
7822
8311
10057
10826
10406
10267
9917
9847
9498
9778
11175
12361
12292
12781
13619
13549
13689
14388
15225
15085
15784
15086
14876
14945
15295
16483
25143
17111
18158
15924
16063
16134
17251
16622
16622
16831
17599
17949
2095
2584
2654
3073
3212
3283
3143
3772
4051
5657
6006
6356
6914
7334
7403
8311
8101
8590
9149
9219
9987
19835
10895
11384
11523
12012
12083
12082
13060
13479
13409
13479
14178
14876
14876
16482
15924
15435
16064
16342
16552
17320
18159
18089
17809
17670
17600
18158
18438
30381
2584
2794
3143
3422
3492
3492
3771
3841
4191
5936
6216
7263
7752
7613
8521
8870
9080
9428
9917
10615
11175
11943
12641
14108
14038
13968
14737
15574
15156
15924
15365
15155
15295
15435
16134
16692
16762
17042
17600
17880
18648
18718
18508
19136
19485
19206
12990
16902
16762
19556
3004
3143
3143
3492
4260
4470
5937
6146
6844
8241
8590
8940
9358
10057
10965
11734
12571
13130
14178
14877
15575
15645
16762
17041
16552
17181
18019
18647
18578
18578
19695
19555
19905
20463
20254
20254
20603
21511
22419
22280
22419
22489
22280
21372
21301
21999
22768
22628
22489
21721
3422
3702
3981
4749
6215
6146
6565
7054
7613
9079
9428
9848
10267
11244
12013
12920
13549
14178
14248
15784
16204
25912
16343
16413
17250
18159
18787
17810
17879
18578
18718
19276
19974
20812
20603
21581
35620
21302
21511
31708
22209
23467
22838
22769
23047
23607
23676
23676
23676
23816
2304
2375
3213
3423
3283
3282
3701
4051
4540
3213
7054
7473
7823
8450
9080
9428
10825
10965
11454
12362
12921
5308
13200
14039
14806
21511
27099
16971
16972
16832
16902
17181
18018
7124
7333
18648
19066
8311
20114
18018
20743
21022
21232
19975
20324
20882
20813
20743
21231
22070
3143
3422
3841
4470
4540
4819
5867
6216
6565
6775
7543
7892
8172
8171
9568
10546
10336
11034
11384
11664
12362
12781
12781
13479
14038
14387
14946
15295
14737
15435
15924
16622
17530
17391
17251
17949
19416
18648
18927
20184
20743
21161
34362
20114
20044
20184
21022
21930
21650
22419
2724
2933
3702
4051
4051
4121
4889
6286
6635
8032
8172
8311
8660
9219
9987
10127
10616
10616
10685
11524
11873
12431
12641
12711
12711
13409
13968
14317
15225
16063
16483
16971
18228
18788
19415
19765
20184
20254
20603
20394
20394
20952
21022
21232
21581
22349
23048
22768
22978
22908
1815
1886
2794
2444
3073
3492
2863
3003
3283
3493
3841
3631
3981
4190
4470
5028
6495
6774
7333
7403
7892
8520
9149
9708
10407
10965
11664
11524
11663
12362
12082
14946
14946
15784
16134
37155
17042
17600
17949
18647
18648
18787
18857
20254
20673
20952
21581
21791
21790
21511
2374
2654
2934
4330
4470
4679
4959
4889
5168
6704
6984
7753
8101
8590
9429
10476
11175
12013
11803
12362
12501
13131
13828
14457
14806
15365
16203
16971
17600
18159
18927
18996
19695
19696
20394
20742
21302
20463
21162
21023
22559
23187
23257
23326
23606
24165
24095
24095
23187
23047
2794
2794
3213
3282
4051
4540
4610
6355
6356
89956
8171
8591
8521
8869
9498
10266
10755
11734
12432
12990
13619
14177
14178
14597
15435
15924
15924
16552
16762
17390
18578
18997
18298
18368
18997
18228
18438
18577
18228
18298
18577
19276
19486
19765
19625
19486
20114
20114
20533
21581
1537
2095
2235
2165
2515
2654
3073
3283
3981
3981
4260
4889
4889
6635
7263
7753
7962
8521
9289
8870
9428
10895
12153
11104
11314
12292
12780
13689
14527
15225
15994
19136
17950
18438
18718
18508
28355
18578
17810
18019
18648
19835
19346
19625
22209
22838
23746
23746
23467
23396
1676
1397
2584
2514
2514
2794
3353
3772
4330
4469
5099
5099
6705
7194
6915
7613
8451
8870
10267
10755
11593
13270
14038
15225
15924
15225
15784
16762
17460
16622
16762
17390
17461
18019
18438
19066
19485
20185
20673
20813
20952
21720
22489
21511
21651
21581
21581
21581
21511
21650
2165
2166
2235
2514
2723
3213
3422
4470
4400
5448
5727
6775
6845
7333
7962
8870
9359
9009
9778
10826
11733
11873
12431
12432
12362
12571
13270
14806
15645
16203
16343
17600
18717
19346
19555
19415
19276
19067
19486
20114
19904
19975
20604
21231
21022
21651
22698
23396
23537
23536
4819
6775
6914
8242
22978
8800
9498
9150
9778
10266
10895
11733
12292
12432
12920
12921
21722
13829
14806
14736
15575
15365
16064
16622
17460
18369
18648
19206
39390
20184
21442
22000
22978
23257
23815
25631
26470
27518
27378
27518
28216
28076
28495
28426
28146
27238
28426
27587
26261
26260
1955
2165
2305
2514
3492
4470
3143
3353
3841
4540
4680
6216
6565
6984
8032
8940
9289
9987
10057
10686
11663
12152
12921
13619
14388
14387
14527
15714
16134
23816
16692
16832
16623
16832
17600
18298
18228
18438
19625
20463
21930
45118
31988
22419
34432
23117
22699
22838
23048
23327
7473
6565
6635
7123
4051
9010
3701
4051
9778
9778
9149
10546
10546
10895
12362
12921
13549
14597
15295
15435
16342
17041
17670
18229
18927
19625
18717
19555
19695
19764
20813
21650
31010
22279
21371
21371
22070
22279
22070
21371
21721
22209
22419
23187
23117
23118
23117
22559
23047
23187
3003
3073
4191
3702
4260
4470
5238
6705
6845
6775
6914
7892
8311
9010
9499
9707
10685
10895
11314
12501
13619
13828
14178
14876
16343
15854
16482
17390
17669
18089
18787
18927
19765
19206
18927
19486
19835
20603
20882
20463
20953
21371
20673
20953
21651
21651
22419
22349
22280
22768
3422
3142
3911
3632
3772
4609
4610
5866
6146
6565
6914
6984
7543
8520
8241
8311
8870
8870
8660
9359
9987
10406
11174
11734
13689
15365
15574
16063
16273
17320
17949
18368
18927
19626
20254
20324
20323
20184
20393
21092
21302
21441
22000
21930
22139
22838
23815
24305
24235
24374
2165
2515
2374
2793
2723
3492
4051
3632
4051
4889
5029
4749
13899
4889
7264
7194
7403
8730
8451
8451
9917
9848
10476
11105
11593
12362
12990
14457
15435
16133
16063
16971
17460
18228
18019
18508
19346
19486
20952
20463
20883
22559
21790
21860
22419
22698
22559
22978
23467
23536
2653
2863
3004
3283
3632
4190
4330
4539
4889
6565
6704
6705
6635
7193
7683
7194
7823
7473
8242
8800
9149
9848
11105
12222
12921
13619
13200
14247
14946
15226
15924
16622
17181
17530
18019
18019
17880
18368
18857
19695
20464
20324
20254
20603
21302
21302
22210
21301
21302
22000
6286
5587
2864
3143
7612
6704
8730
8800
9708
9777
9708
13061
13409
12153
12432
26540
13269
14876
15854
15645
17250
16762
16133
18019
17390
7333
19346
12432
19625
30381
21162
21581
20464
22489
22699
23257
21930
24934
25422
24375
25073
27168
25003
27657
24654
25632
25911
25492
25841
23397
2933
3352
4400
5447
5727
5727
5867
6355
7123
6844
8939
9428
9010
9638
9987
9708
10965
11733
11454
13549
14387
13619
16134
15505
24654
17181
17251
7054
7333
18787
27517
19696
22069
20184
22768
20394
22699
20464
23117
23536
23816
24584
24654
24794
25492
24165
22489
24933
24863
23048
2584
2235
2724
2933
3212
3352
3283
4120
4679
6286
6495
6216
6844
8311
7753
9498
10057
9429
9498
10406
24304
9498
5168
13619
13968
7124
6006
14737
15784
16552
17460
18089
7404
7403
9289
7822
19486
20533
21232
25841
23606
22279
22139
22559
30451
23257
26959
22907
25213
22978
1956
2375
3073
3073
2654
3771
4190
3492
5028
4958
5518
7194
7334
7613
8241
8450
8870
9708
9918
9918
10197
11594
11454
12572
13339
12990
16134
15854
16133
15225
15924
16343
16412
18228
20114
20604
21232
20184
21232
20743
20812
21232
19485
20952
36108
34920
24235
24375
24445
23815
2444
2514
2234
2724
13898
2305
3073
2933
3353
3702
3981
4400
3701
4051
5168
3283
7404
5308
5658
9079
9149
9708
9777
8870
10267
11105
11663
10616
12222
12502
13829
14457
14737
15854
16692
17530
18228
17740
19206
20044
21301
18508
21302
21650
22489
104692
34432
20184
23187
23117
2724
3701
3213
3212
4120
3981
5029
5657
6076
6984
6705
7124
8102
8521
9219
8731
9708
11524
10127
11943
11873
13060
13689
14318
13549
14457
15853
15365
15366
17320
16413
15575
18019
22210
18089
13270
15085
19765
18927
19765
22768
21022
23117
21790
24444
22768
22279
22768
26190
25492
4540
4330
3981
4540
4888
4470
6845
7403
8102
8102
7543
8591
8032
8590
4400
9568
11174
10476
12152
12781
12082
13549
12641
14946
14317
14946
15784
16552
15994
16133
15784
17181
16273
16553
16832
17530
25771
6984
19626
28216
20533
17461
21650
22419
22838
23117
22419
9498
23886
9568
1956
2444
2375
2793
3073
2793
3422
4051
4051
5448
6076
6565
7403
7822
8171
8520
9289
9219
10406
10407
10336
11105
11663
13340
13898
15434
15295
16063
16761
17390
18299
18298
18159
7542
18996
19905
14318
19835
22489
20673
20882
21302
21511
21581
21371
20673
20324
20604
21092
21372
3282
3772
3702
4191
4191
4889
4959
6355
7334
6216
6775
8521
7752
9778
21652
9010
8939
10127
10686
11245
12711
12781
13410
14178
15015
15435
16343
17390
20463
19206
18787
17739
18088
20812
18578
18717
19555
19556
21092
19835
19416
20184
20393
20184
20534
20603
20812
21232
21861
21790
2794
3003
3353
4400
4051
4260
4679
6146
6425
8032
6774
8800
9079
8730
9569
9777
10616
11384
12083
13828
23257
13759
14038
14666
14736
16273
16692
17251
7053
7613
7823
16483
16413
17181
17880
17879
30381
18019
18158
18717
19136
21372
21371
29682
20324
21092
20882
21651
22209
22209
3981
3841
4400
3981
5518
4889
6495
6356
7194
7543
8311
9219
9638
10127
11803
10965
11314
11803
12292
13130
13689
14457
15435
15993
16133
16902
16832
17321
18717
16902
17949
17740
18577
19276
20184
20044
20324
20952
21581
21860
21581
21790
19137
21581
21441
21861
21581
22070
23676
24234
1956
1676
2375
2514
2444
2445
2515
2723
3282
3562
3981
3841
4400
5238
6705
6705
7334
8661
9847
9289
9917
10407
11174
4889
12292
13130
13619
12292
14945
14877
14876
15854
16203
16273
16483
17531
17880
18228
18508
18787
20045
19625
19695
20883
22209
21651
21511
21580
22489
22419
3073
3143
3492
3772
3562
4190
4540
5937
6356
6355
6844
7263
7962
8591
9219
8311
9778
9638
9778
10337
10407
10057
11663
12362
9708
13689
13619
13758
14457
15435
13968
16692
14736
17460
17670
18298
18438
18228
18577
19206
18368
18508
19137
19066
19067
19415
20045
31778
17391
17321
20254
20952
18019
20813
20882
18089
25631
20883
20952
20952
20952
20952
18089
20812
20882
20952
18229
20812
31847
20882
18019
20812
18088
26051
20743
20883
20812
20813
20883
20813
20952
20812
20812
20743
20952
18088
20813
20812
18088
18089
18019
18368
20812
20813
20812
21022
20883
20743
18089
20883
20813
18298
21860
21720
21720
21651
21650
21651
21651
18787
21720
18857
21651
18368
8381
8101
20883
20883
13829
13828
20813
20812
20812
20742
18159
20813
20812
20953
20673
20813
20812
20743
25981
20813
20812
20813
18089
20883
20743
18089
31568
20882
20742
20743
20813
20812
20882
20813
20813
20743
21022
21720
21581
21511
21581
21720
23606
21650
21581
21720
20953
20743
20813
31638
18019
31988
20743
20883
20813
20743
20813
31429
18089
20882
29124
18089
20813
20813
31498
18088
20883
18159
20742
20812
21023
20813
18089
20742
20812
20813
18089
20883
20882
18019
20883
20813
20882
18089
20882
31428
21371
33943
22000
19066
22000
18717
22209
22209
33244
22140
22000
19346
19206
22139
33314
21930
19136
22070
22000
22000
19136
19277
21999
22279
30940
22000
22070
29961
22000
12781
22000
16064
22069
21999
21930
19136
19136
22279
21860
22069
19137
21790
22000
22069
19765
22768
32825
19346
19695
30241
22768
20114
23257
23187
20114
19835
23187
23187
23188
20114
23187
23187
23117
29612
20044
23188
20184
20184
23118
23187
23257
23257
20254
20184
34642
23118
26050
51263
20394
20323
23257
23466
23327
23746
23676
23607
23397
23117
23606
23746
23536
23258
23187
23257
23187
23606
23257
23537
24235
23536
23397
23606
23187
23327
23396
23257
23187
23397
23257
23257
25702
23396
23467
23397
23746
25492
23396
23397
24025
23396
23396
25492
23537
25422
23746
23466
23536
25562
23397
25491
23327
23467
25562
23396
23467
23327
23606
25422
30800
23397
23397
23397
23327
23467
23606
23327
24026
25562
34850
23396
24165
24375
24514
26400
24445
26540
24375
24515
26749
24444
26540
23257
22978
22978
23048
23327
23188
22978
23117
22978
23187
23187
22768
23118
23327
22977
23187
23047
23187
22978
23118
22978
22908
25841
23187
25422
23257
25283
23257
23536
23466
24025
23118
24095
23187
23397
23677
23048
23187
23187
23397
23537
23956
24026
23467
23187
23048
25352
23327
23187
25283
38273
23536
23187
23257
23396
23188
23396
23537
23118
23118
23467
23047
50844
9778
9358
23118
8940
23048
22978
22978
9149
24165
23257
23047
23048
23047
23257
23886
23048
23117
23607
23816
23257
23327
23187
22978
23048
23118
23117
24444
24375
23955
23955
23886
23886
24305
24025
24095
22907
23466
23327
23327
23466
23326
23048
25283
23258
22978
25561
23257
25283
23956
25283
23257
23117
22978
25352
23257
23327
23257
23955
25562
22908
22768
25562
23258
25283
23327
23117
23047
22978
20324
23118
23187
23188
23117
23118
23257
23257
23536
34223
24165
24095
24304
24374
23956
24095
24235
23885
24165
24165
24794
24933
24375
24724
24374
24584
24654
24654
26888
24584
24514
24444
24584
24234
25422
25353
25423
27797
25283
25353
9848
21930
22000
27796
25352
27727
25213
25213
25352
25282
25492
25422
27657
25352
25352
25353
25562
27866
26050
29054
26330
28984
25631
26190
26679
28914
26470
26679
26610
27168
26540
26889
26749
26610
26121
26260
26469
25771
26539
25911
25981
26469
27098
26121
26330
26400
26120
26191
26749
26610
26400
26470
26120
26469
26400
26540
26400
26679
26191
26121
25911
26051
25841
26120
28774
26190
26120
26260
26749
29822
27518
27308
27657
27377
27378
27099
27378
27238
27168
27238
27378
35689
27238
27168
27378
27308
27098
27168
27238
26958
36388
27657
27447
27377
28145
30311
10895
29752
29892
26190
10895
28355
27797
28914
28774
26190
28635
10058
26330
26120
26330
26190
26330
40998
26261
26400
26330
26330
26888
27238
10616
18927
18229
28914
28565
19975
29333
27517
27658
27098
27517
29263
28495
29054
27308
28774
28216
27238
28845
28285
28495
27238
28426
28426
28286
29124
28495
28425
29264
28844
27377
27866
28495
28635
29334
27308
29403
28495
27518
25981
28496
26260
25841
28076
27238
27726
38902
27378
26610
27307
27238
27168
27378
26959
9987
25841
25981
32965
25841
26191
27797
10057
10406
10476
27448
27587
28216
26120
10476
25981
25911
26121
25772
26121
27657
26539
27308
27937
27797
26260
26050
28356
25842
27378
27587
25911
28215
27378
25981
27169
25841
27796
26540
26121
26958
27797
27937
25841
28076
30171
29823
30031
27029
28774
28914
27238
28635
27308
27588
27238
27308
29473
30730
28077
28705
27238
28635
28984
28844
27378
29053
30939
27937
28914
27237
28495
27238
28914
27029
27098
27517
28775
29124
27238
30242
28705
27517
27587
28635
26959
28704
28775
28565
27098
27727
27238
38273
29543
27936
28425
28146
30870
29892
29822
30032
29613
28146
29892
28146
29543
29892
30031
29613
30521
10755
29542
11384
17181
27936
29892
29543
28076
27029
29123
27517
28914
29263
28286
38413
38343
27168
28635
27238
28495
28914
28286
28565
28844
28565
27657
28635
27307
28356
29822
28705
28565
40857
27168
29193
30381
30800
28844
31568
30521
28914
30451
30730
31079
28705
30730
30591
30939
28844
23466
31010
26680
30381
26888
31079
30521
30940
28705
30800
30591
30660
30660
40159
30590
30590
28774
30660
30730
28844
30520
30800
28775
31289
30940
29403
30939
30451
30730
29403
28077
32406
27866
30171
28984
27098
29822
27936
30381
27796
31638
31219
31149
30870
30870
31289
31638
32895
30730
30590
31358
28705
31009
40857
30939
30660
30870
31079
31289
30940
28984
29124
31359
32685
29193
30660
30660
29124
31988
31149
31638
31428
11663
29054
32267
25213
31079
29054
29123
31079
31149
31080
30800
31289
29961
31079
31638
31848
29892
32197
31987
30171
32057
29892
33105
29823
32197
32406
29822
31847
32057
31917
32406
31778
32406
31917
32476
33454
31498
33175
33733
32197
31429
33593
31359
33733
31498
44838
33942
34082
31359
45607
31358
33524
33663
33803
33803
33524
31428
33314
33663
34292
33803
34990
31289
31848
32406
32476
32336
28076
27098
27098
27098
27028
31149
31219
31219
26958
31080
31219
31219
31638
31149
31149
31219
37993
27028
31149
27448
31428
31499
31288
31219
31219
38482
31219
27099
27099
31149
31289
31150
27098
39390
27029
40647
27029
31359
31289
34571
31219
29333
35479
11593
32197
32406
33034
33524
33733
33384
33524
33803
31219
33384
33593
33803
31289
33594
31289
33803
35828
33943
35200
33384
35898
33244
31707
33733
33593
34990
34013
33803
31359
33594
31219
33663
33594
31149
33873
33733
34012
34571
13200
13200
36037
31358
35688
33803
31358
25492
33035
34013
31219
31219
33314
33384
45885
34431
34641
34711
38552
37924
33174
33034
36247
35689
35549
36527
36457
33803
33593
33942
33315
33664
33593
32965
12362
34013
32616
23677
32686
32616
32616
32546
34711
33105
35479
36177
35898
35899
35480
32615
35688
35480
35061
35060
33314
32476
35479
32127
35340
36387
32616
34920
36108
31359
33454
37017
36247
36946
34012
36527
34083
35968
37295
33523
36527
33664
45537
33943
36387
36736
33664
37085
36596
33943
36457
36597
36388
36527
36387
33803
35409
34083
36108
37016
33663
35898
33524
36108
33594
35689
37015
36108
36387
35968
35758
36247
35968
36247
33594
47842
34082
35480
37016
35270
34850
34641
35060
37155
37155
34711
35060
32336
34362
34921
34850
35340
34432
32336
36946
34990
32546
35130
37365
32546
34851
32336
34641
35549
34502
34641
35480
37644
35410
34362
35270
32616
40368
32476
32546
32546
32476
32476
33035
32616
32476
32546
35130
32406
33663
32476
32476
32686
35549
34711
32895
33454
33594
33733
41695
33384
33803
33523
33523
32896
33803
36317
33663
33663
33873
47771
33593
33593
34292
32895
35341
33663
33733
33733
33733
33314
33454
33384
32266
32895
34991
32965
33314
33105
35549
41486
33104
35758
36667
37016
36527
13340
12222
13340
18438
35689
33244
35270
35479
35480
35269
38203
37295
37924
39600
39320
36876
51823
39180
38832
36806
40229
36248
37715
36038
35829
35898
13340
13410
36247
35828
28984
35759
35688
28984
45047
35689
35829
35619
35898
30940
35828
35829
30870
35689
30940
44488
35758
35758
35759
35759
31009
35758
35689
35689
23467
36108
35828
35758
29264
30730
14387
38552
38553
38553
38762
39181
39880
34502
39879
36247
56012
34641
56153
38343
44349
40368
45816
45956
45886
41136
42673
40089
44489
58666
42743
44628
39949
40019
39809
39879
40228
45047
43231
43441
43022
39949
43301
39740
38971
39809
38762
41835
40996
38762
39111
40787
38901
42603
47073
42324
39110
40089
40089
39949
39879
40088
39949
54197
40298
40158
67606
42813
39879
42463
39809
39949
38692
37644
37505
37365
37645
32267
37365
37434
32337
37574
32476
37365
37225
37295
37365
37435
37295
37575
37365
32476
37295
37295
41206
40787
40507
37854
40229
37574
37435
39740
37575
37365
37923
37853
38692
38972
38902
38692
38971
40159
38622
38831
41207
37854
42254
38902
38692
38762
39251
38552
38622
38552
40647
39042
37575
37644
40298
37435
37365
37295
37365
40089
37505
37295
40647
40089
40088
39740
39809
40228
39949
39809
37295
37505
38064
37365
40997
37434
39949
35200
40438
32545
13898
14946
39670
35200
43231
39879
39950
42672
39809
40089
39739
40159
39670
39809
39740
39879
39740
39670
40018
40717
39740
40019
39111
40089
42394
44768
42743
42393
42812
43023
39739
39740
39670
42743
43301
43302
43301
42882
39739
39739
40019
40298
39739
40088
39739
39810
43930
42743
39949
42882
42184
40019
44559
44628
40507
42672
40578
42533
42184
43092
42324
42184
42184
40368
40089
43861
42533
40368
43302
40298
43022
39461
43022
42952
43721
40368
40437
40298
43092
44209
43162
43302
43441
43301
43092
42952
57270
40298
43930
43581
43441
40648
40019
39530
43162
41974
41695
39949
42603
41765
40159
39600
44768
43651
42953
43441
43441
43232
61670
42952
43441
43511
40788
40857
40368
40717
40857
40996
40717
39460
40368
40368
41276
41695
40438
40437
40089
40298
39111
38692
39181
38902
39320
39460
41695
38203
43022
42534
42253
41486
41486
39041
52591
42742
41695
42463
39320
42394
42114
42533
39181
39251
39880
39879
40438
39949
43861
41555
44698
41485
44349
57619
45187
41486
44908
41486
43860
44488
44209
44698
45327
47352
44489
44978
45536
41905
44907
45468
45187
45117
44489
43860
44768
45187
44279
15296
16064
44908
16552
16343
15156
43860
27447
30311
26959
29194
41136
29124
37924
42813
41066
44069
42463
46095
46235
45815
44279
47422
44699
48888
44978
52730
42323
39880
43162
49168
50076
49308
45816
59853
45746
49098
49238
49028
49797
49168
49238
49098
49029
49796
49448
18019
47282
49867
49168
50425
48818
45816
48679
44977
47771
47632
48190
47841
47352
47422
47562
46095
46374
46235
45886
46584
47562
47632
47422
58457
47492
46933
47073
46933
60134
47632
46933
47003
44698
44488
47631
44558
60413
77733
47911
41206
48819
59155
41486
38692
38413
47701
38692
44629
44908
105180
44140
55104
38692
47562
47841
47841
48121
48121
47841
72845
44419
44349
47631
47702
50146
48679
49797
47213
47631
47771
49168
49517
49168
48889
45955
49378
49587
63834
49448
49518
51962
49657
51892
49307
51333
45885
52241
17041
42882
49517
46025
51822
49378
49449
51822
49727
50285
47701
49448
46025
50495
49517
45886
51613
45816
52172
46234
45955
71237
49238
50425
46933
49168
48051
45885
45745
45745
45885
49098
56780
49377
49726
50495
50634
62019
49517
49518
49308
49308
49307
50565
50006
58736
46025
46025
49517
46165
49168
49238
53428
48680
49307
17181
16412
47631
44629
47562
48330
47911
44628
47562
47771
48609
44628
47492
47702
47352
47633
44698
47981
47981
46374
46724
47491
47073
47422
44349
48050
47282
49447
42534
48819
44489
44559
44768
45606
44419
44489
46095
46305
51403
46305
47980
48050
46235
49796
45606
49168
44978
45746
49238
46863
45187
45257
45117
45188
48888
44977
16552
16553
16622
46025
44279
43999
44210
44000
44210
43650
44140
43930
16133
43651
28426
43790
43790
43372
44070
55803
44069
49727
52310
50146
52031
18368
50007
29054
48121
49168
16203
43511
52731
43720
50285
43651
44698
60692
43790
47841
44139
50774
43511
43720
43790
43790
43651
43651
43651
47492
49098
43581
50565
43650
43860
50774
43580
50565
43999
50565
43720
49308
43581
43720
43650
48540
47492
43720
44070
48051
44070
44978
50565
50704
49308
45257
50076
49238
45885
44768
49936
48819
48539
43022
47911
48889
48610
48679
44000
48260
59505
47911
48190
47562
49028
47143
43860
44210
43930
43581
47212
44420
44070
46514
43651
44907
44349
43930
45536
43721
43651
43790
17600
54337
48889
17530
43860
38832
48260
41276
40857
44209
49168
44139
44908
49796
16553
49098
49447
44977
17879
54267
49517
54127
38832
44908
44908
60272
44908
49168
44908
45048
44209
44489
43791
43721
47492
43721
48958
48610
43650
16133
45746
43721
16134
35479
43860
43791
51753
48679
43651
47631
43721
44000
47841
45396
43791
43790
43721
43721
45187
52870
44978
44559
51892
45466
45117
45537
45746
45187
45257
46025
48749
45397
45257
52590
45327
50076
49657
45536
49866
50076
45187
52939
60902
49587
51193
45397
18508
18648
45257
45257
52521
43860
50495
50495
49726
49308
49867
49867
42603
35479
49657
18228
45257
17879
48958
48749
17879
50076
59295
50285
46374
49587
61111
49936
46304
51333
51473
46374
50635
46305
46653
51752
50565
46514
50216
46654
51962
50565
46514
51612
46654
49796
46723
52660
51403
51263
51193
50216
51054
51333
51263
46933
50844
51334
46794
52380
50774
51403
47561
47003
52241
62368
46164
52171
49307
50634
50355
50216
50216
49518
45397
50495
46653
50565
51333
52101
47701
47911
51613
48051
47632
51613
47632
47702
47771
52450
51962
51753
51682
48539
52031
50285
52171
51682
52102
51612
52450
51193
51613
48679
50285
50285
50425
50355
50216
50216
51193
50076
50565
49028
50775
50844
46375
51263
54197
46445
54127
46514
54057
46794
48260
48400
46933
51961
52591
55035
63695
18927
53777
17320
51962
52590
53009
47632
33315
31359
58178
53289
56292
45606
55873
53009
52730
55384
55244
55453
54965
54197
55105
55105
55105
54755
54755
47283
54616
19346
20673
18926
53917
47841
41276
47771
45537
44908
52311
47701
44978
47771
51892
47911
53917
49098
54825
53848
54056
53847
48889
49029
52729
52311
48888
48749
52869
54267
48889
53917
53848
54197
54126
49168
53079
54127
54266
49308
65580
49867
54197
56851
54476
64812
53918
53219
53708
48959
48889
54756
49447
53358
49168
53499
49028
53638
53847
53080
49098
49168
48958
54267
53848
50146
50495
50844
50984
51682
50844
51263
50914
50704
50775
50286
51333
50286
52171
51124
51682
51403
51472
52451
51194
51263
51193
51124
52171
51193
51194
56502
51333
51402
60693
51124
70609
51123
51193
52031
56641
51543
51124
69073
51123
51054
51193
56781
51193
51193
51053
59505
52941
59365
51194
49936
48679
50425
50076
56571
59295
51752
58666
57619
60063
51333
59435
55314
51263
50704
58317
54685
78850
51543
51613
56850
51264
55594
55733
51123
51333
60553
51194
51263
51264
51054
70400
50495
57060
51682
18368
18368
50355
50216
32127
50705
18368
58737
61739
58597
55873
50076
55314
50286
50356
50705
51682
52101
53009
53079
51962
52590
60413
52590
58108
52521
51752
57199
56013
77314
52939
53009
52032
52870
51822
51683
53009
53777
52660
52730
58317
57968
57479
57200
56641
52730
53708
52590
53080
58457
74171
53079
52730
60622
54336
54057
54057
54336
54406
53707
62647
59854
59016
82203
59016
53219
57269
59644
59924
55175
59714
61181
61600
55943
57200
54965
55035
55174
55244
55035
60273
59994
56082
72985
59574
59435
60272
59854
59714
59923
59784
55942
71308
55244
55175
60622
59574
60832
56363
83809
60063
56082
55803
55453
56920
60342
59644
56642
60133
61320
55524
61390
61949
55384
64044
62997
66838
63555
63485
56851
57410
63625
56781
63206
56710
56641
75708
65162
59435
66698
68165
66349
61460
61321
53987
60901
58666
62298
62578
62717
63486
62857
55384
65231
62997
61670
65232
65162
55803
63905
63346
55454
65441
62159
55942
65510
62298
65231
61530
55314
62018
61111
60971
62368
55734
56571
57549
64114
57269
64323
63555
61880
61530
61880
56431
61180
72216
61739
61321
62158
59784
54406
59574
60064
60342
73333
61600
61809
61879
62089
72216
57340
61949
61809
61949
62019
61530
55943
62228
62158
62159
62856
55803
62298
61949
62089
61949
60622
74171
61391
61530
61739
62019
61251
61740
62298
62927
57269
62298
56781
63486
64673
58527
64323
58456
64533
64883
94215
64603
64742
59505
64464
64812
63765
58806
64882
64953
64742
58387
64812
64813
68375
58736
58596
58876
58457
58946
66978
58596
58738
57898
59156
57618
62438
56571
63486
64393
63415
63066
65301
57200
65371
57339
65232
55942
82692
66000
67606
69212
58806
79409
65162
69003
57479
57199
56222
58737
56781
56711
40787
56781
56780
56710
56641
56711
56711
56781
56082
49797
57688
57619
57689
41416
20952
57688
57689
57199
57689
57828
58177
59155
59295
67815
51194
59085
51124
58876
59085
59156
59085
59016
49866
59156
59225
69213
59644
64813
52729
53219
61180
62298
62229
53777
69911
60831
60343
60482
60412
51962
59783
60203
60342
52101
60203
60272
60273
59225
67815
52031
51962
60202
60133
52031
51892
60203
52031
60343
52101
60203
59784
21790
21860
71587
28215
60133
34012
42952
59714
59155
58946
58527
50774
50704
59086
55942
49727
58666
57619
58597
58666
58736
58737
57898
50914
57968
58945
58876
50844
58876
58945
59226
57130
49238
57060
57060
57060
57060
56990
55873
55593
55454
47003
55523
55454
54825
55803
55803
48260
55803
55943
55803
55803
56013
48190
55803
55803
55803
55733
55873
63485
48190
63974
55803
55803
54337
55524
56641
56432
56571
48819
48819
47980
69282
48679
20184
56362
56292
36527
56012
56222
48609
48679
56222
54546
54406
54476
54407
54476
53848
21790
21999
21791
19695
53428
38832
63904
53778
63555
52940
64114
60902
53848
52661
52450
52310
52590
51333
52311
52869
52311
51752
58248
52311
52381
19136
58736
53498
59784
59923
59924
54895
46234
53568
52520
51962
21860
22000
55174
54406
39251
54476
60343
54616
86532
60342
21581
46305
43511
21581
22000
59714
59434
54476
51193
50983
60343
58806
54755
60133
59714
61181
60622
60483
54756
59784
54756
60342
72286
72216
60413
60203
59505
54685
56293
53009
54756
55594
59784
60482
59365
54337
59574
60134
58178
53638
63765
53289
52660
60413
58946
60273
60273
60133
59924
55383
60063
60203
59086
60064
59085
55314
60133
59714
60063
54266
60064
59784
59574
70260
54546
54406
54616
54336
56432
54476
54196
60971
55523
54196
54406
54196
65022
62088
62088
60692
70050
60901
62089
62158
62088
54267
63276
62577
62228
61669
64672
61251
62089
54266
61879
62438
62159
60412
54755
63276
54686
54825
54546
54686
54616
54686
54755
54546
54407
54406
54406
54616
54825
58038
19974
54755
54686
54406
54756
54895
54615
54686
54476
54406
60831
54686
59784
54406
59295
54475
59505
61320
55523
61250
55104
62927
61320
61181
63485
63485
57688
63345
63625
63555
57689
63206
57549
63625
57898
64254
63276
63975
63974
63486
63905
62368
63415
63625
63206
57829
63485
63486
63485
62996
63835
61530
61670
61530
61460
56082
62926
71797
61460
61460
59924
61669
57898
61250
60063
54965
55663
56501
56222
55523
57549
55524
55384
56502
55453
61670
61809
56361
61391
62787
62158
62088
61949
62368
56152
61879
62717
56850
62647
63136
61321
59994
61321
60273
60832
55314
60482
61180
61041
60832
60622
56780
55314
55314
60692
55314
59853
56152
61879
63136
64184
66000
57479
65511
68654
56501
57550
75637
66000
57828
68025
69631
67956
67397
67327
78920
66908
77035
66418
59714
66768
69841
58737
61111
69073
67397
67257
67117
66209
72844
58806
69491
58876
59016
67676
66349
65302
68304
57480
57129
67886
65581
64463
67257
59504
56222
69423
55942
56152
56152
58107
56292
62089
61390
60622
59505
56851
64953
62298
62159
62089
22140
20953
40508
57200
40508
62089
72216
61111
52171
79899
60832
56920
60692
61739
61110
55035
61809
55733
65721
61111
55942
60901
55663
61949
59783
60901
61041
60412
60413
61320
60552
60692
60343
70401
59784
61321
61111
60971
59854
60832
60971
60832
60972
61041
84159
59574
61320
61111
62787
60831
61879
59156
59504
56641
59016
59923
59155
59085
58736
54127
58806
54337
58317
54895
53847
54755
54616
54476
53917
54685
59505
59644
59994
54756
57898
59225
54964
59574
59644
54895
59365
53987
53288
58666
58038
53358
51682
51333
57269
51473
50844
50425
51123
58178
52940
50355
49797
62508
60552
62648
60483
52381
61320
63276
53149
53079
60622
60832
53568
60901
53637
63625
60133
59225
59435
62368
58527
59085
59714
59295
62158
59155
54755
62438
62019
70470
58946
59086
59295
58177
61041
58876
61670
51682
51613
58457
61879
61390
59086
58108
55734
51403
57549
56571
50355
56082
56780
68234
52799
57269
53009
52799
58247
57130
56850
57409
56921
56780
56641
57898
53638
53638
59295
58946
53708
58526
58108
52451
58038
58108
62299
57410
57968
58387
57968
57409
57409
53289
58596
56710
57479
58387
62089
57549
57689
53918
53149
56222
56571
56222
52590
56501
56432
56641
56222
52870
54546
60971
59993
58387
58736
59225
55733
57480
54196
55384
54965
60342
55175
56082
55733
55523
55384
55524
55663
55314
59155
62299
80666
52940
53009
56082
55454
56082
51472
55524
56432
55594
56082
56990
55873
55104
55733
55734
55733
55593
81155
55663
55733
55593
52520
59505
51612
59505
67047
50285
59714
57130
54686
58108
57549
48819
57758
60273
50006
60622
57619
49866
49937
61041
49797
61041
58247
59574
49726
58177
59016
60063
66000
48469
76686
49308
59155
49308
60552
69841
57619
49377
57898
49378
57759
57898
49308
49308
58527
49447
58317
49447
57689
50286
53987
50495
54476
54407
47701
53149
54615
65231
50495
56222
57130
51822
58318
52450
58178
54057
57618
58596
53219
73264
58457
59225
58457
58108
59644
58457
58527
73473
58178
61111
58527
59644
53429
59505
59086
53568
59016
53498
53638
70399
52101
58736
53359
53009
59225
58527
69283
53219
58457
53289
58457
58457
58248
58108
59854
52032
51892
51752
18718
51961
37295
50704
51613
18857
51752
71447
46304
53428
63834
47003
64324
54825
54476
54686
60412
54616
54546
54685
54685
54266
54267
58876
60691
59574
60133
60063
59715
60203
54197
54196
53288
54127
54127
54196
54126
54056
53219
62298
59505
70819
64742
60622
63276
63695
63485
63626
55593
66838
63625
63695
67606
77523
64813
64393
64743
65302
64324
55593
67466
57060
55524
64533
55803
68235
64743
55943
64394
55593
66628
54266
64743
54197
65930
62717
64323
54197
63346
61600
60762
55803
61251
52520
61321
63975
60063
62159
51124
60133
51054
72495
55943
56362
56292
57340
56292
57688
58876
58806
57199
59924
59086
59015
61460
61041
60482
60832
61390
55803
60203
61600
60762
55664
61111
61390
60412
61879
61739
61809
55803
73472
63765
55873
61250
57690
61390
65371
62648
59295
55803
55943
60622
60203
59714
59435
54267
59783
59505
54406
60691
60063
56781
56990
56432
57270
64463
55104
52241
51822
52451
52730
52450
52660
52381
51682
51333
52451
53498
54407
53987
54685
53638
52940
53778
53848
53918
53987
53707
53428
53987
53498
57130
52311
53848
52171
52311
51961
57060
56292
52102
20463
56641
20324
56502
56571
56362
51403
51962
56222
56711
56432
60482
61251
61181
62299
56152
49797
58457
59924
50704
59505
54056
50774
51402
62298
59714
51542
58527
49378
75987
49587
58597
56710
56641
55523
45606
54755
55105
55104
54336
54406
58456
55314
54336
55314
56012
55663
55594
55453
55314
65301
46584
46863
54755
55733
58178
55175
57130
55873
55244
54546
48540
49238
50984
49517
51054
65441
52381
47981
53288
47841
52451
52869
47561
53498
52869
52939
52381
54546
53009
71448
53079
53499
53009
51612
53219
51473
48539
48539
53079
47561
53079
48609
53149
53358
53149
53499
54127
53498
52940
48400
48400
57060
48400
48819
48330
48330
48330
48400
48260
48400
48330
41765
53918
54196
53218
55593
57479
56641
48330
44698
56990
51892
51962
56850
56711
57060
56641
55733
54755
54755
55384
54825
53778
53848
54755
54755
54895
54616
54895
52520
52381
51054
52171
48958
49657
63555
51473
51962
62437
52940
62298
51962
52869
52032
52660
52172
51474
52450
51752
51892
59085
57200
48749
65581
54686
51403
56362
57549
58736
56711
48609
57060
48889
57409
47841
56431
57409
58736
57270
48609
57759
48190
56710
47423
57898
46095
58317
47771
75918
56920
59435
48609
59015
57410
56152
56571
48749
57060
56711
49308
80037
48958
53778
56641
56572
56431
56850
49238
57688
52520
48609
49098
52590
50495
49378
49517
47143
51822
47143
50914
51892
50705
51193
46514
51194
50844
48889
45536
44279
48818
47003
57618
46235
46793
46165
47422
46584
47771
48051
45956
43371
46025
47073
46304
44838
44070
43930
40857
43721
44000
40857
43092
41485
41416
40718
41346
40787
43720
43790
43720
40648
41136
43581
39669
39041
42324
40368
44140
42813
43301
41556
44070
43510
42114
45885
46234
45816
46724
45745
46723
44070
43022
46444
43092
43022
42882
43022
45607
42882
47143
42812
42044
42952
42952
59714
41626
41764
41555
64393
44559
41625
41835
41695
59784
41625
41765
41695
46026
42603
41625
51892
50775
41835
41835
43860
39740
39251
39321
38552
38343
40648
40926
41974
42812
54266
42813
42812
42673
42743
46235
52241
44069
53708
55943
53428
44908
44419
44349
53498
52730
53009
44419
53777
55454
53918
55872
53358
53149
62718
44488
52870
55803
56082
55664
53079
44559
44209
44418
44210
44279
44210
44419
44349
44279
44209
44768
45397
45676
45117
47003
50146
45606
45606
45536
60901
45816
53149
45885
45537
45676
45537
56082
45816
49657
48819
45536
45397
45816
45606
45676
58527
58806
48889
49238
45396
49377
44209
44209
49307
44419
57759
47702
47772
44908
44349
43581
43022
42953
50635
45537
46653
15853
17390
15993
16273
15505
41905
47143
52521
45745
46793
42883
41975
47981
43022
46794
46934
43162
46794
44559
46724
43581
42533
46723
42743
42323
42882
47003
43022
42463
46095
42813
34851
34711
39181
41346
41416
41415
41765
51334
42045
41276
43162
43371
43930
40089
40298
40298
39670
40159
42463
40298
40159
40159
52102
49936
40787
39740
40228
42463
40229
63066
49377
50775
50704
40159
40997
40158
44489
55594
16622
14596
38133
14247
41206
38203
36807
33104
32895
43232
32895
41486
38273
38133
38203
38413
38342
47213
41207
47772
40857
38133
48051
39181
48680
38343
48749
39110
48679
48539
40997
38063
42463
40857
36178
39600
39320
39390
36736
39390
37365
39391
36876
36806
39810
39321
39879
36526
39880
40368
36806
40228
36736
38972
37714
36946
40437
37086
38901
37016
39810
40089
50704
39530
38063
38133
37505
38412
38063
35130
37435
38133
37994
37923
37854
38134
35759
38622
35898
38692
38413
35828
38901
38692
35061
38343
38133
37994
34152
34292
35479
35200
35409
34991
34292
43930
32965
33244
34571
33872
34292
34152
32685
34013
33105
33943
32895
34222
33942
34152
34432
32825
33942
34083
34571
34292
34152
32266
31428
31778
32476
31568
31708
28774
31707
31638
31917
32407
32057
31848
39670
30311
43091
31010
40368
29333
39250
39809
30800
45746
32058
38203
31289
28285
31010
30870
30730
41067
42742
30870
39949
30800
37924
30940
39530
30869
41765
30660
41905
42742
42393
31917
32477
39321
38203
31149
46514
38902
42323
42184
39321
28495
28425
28356
28286
28634
28495
39600
27447
27447
27587
27378
26679
27168
29822
27308
28496
27238
27518
29334
29683
27447
28634
28495
28635
26400
25911
28216
28286
28495
26190
28215
25911
27168
26260
28006
28286
28286
28146
28425
27866
28356
28006
26330
51822
28355
28216
28285
26330
26470
26050
28705
26400
26191
27936
28145
27796
25911
29193
28356
26330
26400
25981
26400
25981
26191
26330
25702
26889
26749
25981
26051
25981
26191
26680
26051
26330
25981
26610
25911
26470
26609
26330
26190
26330
25562
25073
25003
24933
9568
13968
25073
13899
14038
16482
25003
24375
24095
32476
20184
24095
24095
20952
23606
33454
24234
21022
24165
24235
24095
24096
20463
24095
33733
32686
24095
24095
24095
24095
20882
35060
23606
24026
23816
33523
23257
23117
23187
20254
22908
23187
33524
23537
23187
20184
23188
23118
8939
8939
23257
23188
23187
23187
20254
23117
23188
20114
23118
20114
23117
20184
23117
20114
32825
33594
23117
33175
31219
33524
33384
25842
25632
25213
25212
22349
24584
25701
25492
25213
25422
25352
25003
25213
25562
25422
22907
25981
26260
23396
26819
25771
25282
25772
25142
25213
25003
25003
24584
24793
23118
25003
25352
25701
24654
24724
25631
25003
25283
22977
24793
24864
35549
24933
22489
24026
24235
23956
24025
23955
22070
22559
24235
22350
22210
25492
24095
23606
23886
23467
23816
23885
23187
24304
23327
24025
22489
21162
23327
21372
21511
21302
21162
21441
21232
21092
20812
21231
20604
20254
20533
20254
20254
20324
20184
20185
20184
20324
20184
20254
20184
20394
20184
20534
20324
20184
20393
20743
20324
20393
20184
20254
20603
20184
20324
19695
19765
19415
27308
18926
26539
27936
26818
18508
25981
25422
17809
17600
23467
17391
24654
23885
24304
18159
18159
23886
18298
17390
22070
19346
17251
22838
6915
22139
21651
21372
16972
21791
21860
21860
18717
16902
20673
21441
16971
16552
16482
16552
16692
17250
16622
16832
16692
16692
16552
18089
42324
16832
19276
18089
16762
27517
18299
15993
17041
15854
17740
15784
16831
16623
16133
16483
15016
16203
16622
16134
14108
15853
14107
15155
13689
16063
14667
13899
14318
15155
15016
15784
13619
15016
13969
14527
12502
13619
14457
14597
14596
13060
25142
13899
14666
14248
12851
14317
13339
13130
12712
15784
13410
13688
14248
14527
13479
12432
13689
13270
12501
13200
12362
13409
11942
12292
12222
11104
13828
12222
12781
11943
12851
11733
13200
12921
12571
12292
13619
12292
12920
12362
13340
12990
12222
11873
14317
13619
11663
11664
11523
10406
9289
9009
10685
10895
10825
8730
10546
8241
8381
8800
8451
8311
9359
9358
9219
9219
9219
11105
11244
8730
8521
8381
11523
8311
8172
8032
8102
9219
10965
8241
11314
7403
9638
7194
10616
8031
8940
9638
7892
9080
8032
7962
7892
7892
3492
8032
7962
5517
7892
7822
7054
7264
6914
7892
7682
7334
6426
7054
6984
6984
6914
14877
6076
3282
3213
7124
3632
3562
6914
6914
6984
7753
7333
7473
7124
6845
8521
6705
6914
7962
6775
6634
7333
6984
6845
6774
7054
6565
6984
7403
6984
7264
6984
5867
7054
6565
6565
6705
5797
5308
4749
4819
5238
6216
4749
4819
6425
6496
4819
4400
4190
4191
5797
5587
5866
4470
5936
4260
4610
5029
5098
5797
5727
4540
4889
4121
5448
4400
4470
5029
4469
4400
4470
4400
6076
4400
4330
4400
4260
6285
4261
5518
5797
5796
6216
4260
4330
3631
5378
4680
5797
4121
4400
5028
3702
3562
3911
4958
4750
4819
4749
4819
4400
4540
2305
2584
2026
3841
2375
3841
2933
4191
2934
3492
3422
2165
2375
3562
1606
2235
2724
3003
2863
2095
1886
3912
3492
2374
2026
1746
2933
1118
2166
1816
1747
2025
1467
1467
1537
1956
1607
1467
1537
1607
1466
1676
1606
1257
1606
1187
1117
908
1047
908
1048
1047
1047
1118
1048
978
1257
1048
1257
1117
769
768
1676
1746
1187
1257
1327
1955
768
1746
1047
1257
1607
1118
1048
1257
978
699
907
1117
1536
1746
699
1047
1048
1048
1536
1118
1886
1397
1047
978
1467
1886
