2584
1746
1048
699
1187
1187
1117
1187
699
978
699
769
1048
1467
1048
908
1117
1118
1467
1117
977
1187
1187
838
1187
1257
838
1047
1188
1187
838
1048
1536
1048
1187
978
1048
768
1118
1188
768
698
1048
698
1047
1327
1467
1117
1048
699
1117
907
978
1258
1187
1676
1537
2026
1257
1327
1187
768
1188
1467
1327
1257
1257
768
1187
1257
769
1258
1257
908
1258
1188
839
838
768
769
1187
769
769
768
908
1466
768
1257
908
1257
908
1327
1327
1327
1327
1397
1187
1397
1327
768
1326
1327
1188
977
1048
908
908
1048
908
977
977
1188
908
908
1047
1048
978
908
1118
908
1047
1187
1397
908
1327
1466
1257
1047
908
1048
768
768
908
698
908
699
768
907
838
698
1047
978
768
908
908
908
1397
1117
978
1815
1955
1885
1537
1117
1606
1537
1117
1676
1676
1676
1187
2305
2165
18648
1537
1466
1467
2166
1746
1816
1466
2025
1397
1677
1048
1047
1048
1746
1188
1606
2025
1397
1886
1886
1885
1746
1537
1257
1467
1815
1746
2025
1607
1257
1257
1397
1397
1607
1188
1676
1955
1676
1397
1257
2515
2165
2514
1257
1397
1327
1118
1117
1118
1257
1187
1327
1258
1188
1117
1118
1187
1187
1467
1187
1466
1118
1187
1187
1048
1188
1048
1187
1187
1117
1187
1397
1397
1537
1537
1537
1537
1537
1536
1536
1746
1536
1536
1956
1536
1397
1606
2235
1676
1537
1606
1537
1397
1467
2305
1676
1536
2165
1886
2235
2235
1746
2305
1746
1397
2025
1746
1467
1397
1537
1816
1467
1886
1397
1816
1816
1886
1327
2025
2235
1956
2305
2305
2445
1816
2095
978
1397
1188
1676
2305
2025
1746
2305
1886
2305
2375
2374
1606
1886
2235
2235
2025
2514
2234
2095
2445
2235
1537
2933
2374
2933
2445
1746
2165
1746
1676
1467
1676
2165
1885
2025
2235
1606
2095
1537
2165
1536
2305
2165
2235
2026
1955
1536
2305
2095
1955
1816
2375
1537
1746
2165
2026
2445
2444
2514
2304
2025
2933
2165
2305
3073
2025
2724
2235
2165
2445
2165
2305
2025
2445
3143
2864
2095
2794
2375
2235
2305
2375
2724
2235
2166
2095
2374
2445
2793
2445
2863
2305
2096
2165
2235
2165
1327
2096
2026
1327
2724
1955
2375
2235
2375
2444
2096
2654
2305
2863
2305
2374
2375
2166
2444
2165
1955
2724
1955
1955
1956
1885
1955
2584
2165
2026
2584
2304
1956
1886
2445
2235
2025
2515
2514
3004
2515
2095
2026
3143
3003
2165
2165
2375
1956
3143
3003
2864
2514
3003
2514
2445
2514
3702
2864
2445
2444
2444
3003
2654
2933
2515
2235
2584
2515
2166
2793
2724
2305
2515
2724
2374
2864
2654
2235
2724
2305
3422
2864
3352
2515
2444
2305
2793
2724
2794
2724
3143
2724
3283
2375
2724
2933
2654
2514
1467
2654
2514
2584
2515
2444
1397
2514
1327
2793
1537
3423
3282
2584
2724
3073
2794
2654
2584
2444
2933
2654
3142
3143
2724
2654
2654
2444
4330
2794
3143
2933
2933
2933
2444
2445
2444
2445
2515
3073
2724
2444
2724
2445
3073
2864
3142
2863
2514
2515
2934
2724
3073
2794
3772
3143
2724
2514
3771
2794
3631
2445
3632
2793
3143
3143
2933
3283
3003
2863
3282
3772
3073
2933
2654
2723
3213
3981
3073
3352
3073
3981
3493
2933
3981
3003
3283
3701
3213
2933
4051
3352
3771
3422
3213
2933
1746
3143
3003
3422
3282
4051
3352
3143
3981
3143
2863
2793
3282
16063
3352
4051
3423
3911
3353
3283
1676
3003
3142
2096
2305
3003
3003
3003
3003
3003
3423
3073
3003
3003
3003
2723
2724
3004
3073
3003
3003
3073
14317
2724
3003
3213
3073
3143
3003
3073
2724
2794
3004
3073
3073
3143
3003
3003
3004
3003
3003
19416
3003
3003
3003
3073
2794
3073
3422
3772
3423
3353
3283
2934
3282
3282
3352
3283
3143
3422
2934
3003
3282
3352
3353
3352
3352
3283
3004
3283
3073
3492
3283
3422
3492
3492
3283
3632
3003
3562
3282
3492
3492
3422
14806
3353
3283
2934
3282
3423
3283
3352
3283
3282
14527
3353
3283
3352
3911
4191
4330
4330
4400
4888
5029
4260
4051
4260
4121
3632
3981
4400
4120
3911
3771
4190
4260
4400
4190
4261
4190
4120
4400
4051
4330
3981
4469
4191
4400
4120
4330
4120
4330
4191
4749
4260
4400
4051
3981
3911
3702
3841
3701
4261
4121
3841
3701
4260
4400
4539
4609
4679
4400
4609
4819
4819
4400
4749
4679
4610
5168
4400
4260
4400
4959
4609
4191
4680
4400
4610
4260
4261
4539
5448
4609
5029
4680
4400
4260
4539
4470
4260
4331
4330
4190
4051
3981
4051
4749
4470
4540
5658
4750
5658
4400
4680
14178
4400
4750
4889
5098
4889
4749
4679
17810
4400
5936
5238
5378
6355
4889
4819
4610
5099
4750
4400
5518
4750
5098
4819
5447
4610
4609
5168
5727
5029
4888
4889
5238
7124
3213
7264
7124
15853
3143
6006
16273
5866
5937
4749
5029
4330
2305
4679
4540
3911
3981
4120
6844
6634
7054
8241
6216
7124
7123
7054
6914
5866
6286
6565
6565
6774
6007
6705
6635
6635
7333
7473
6146
6915
6495
6496
6635
6565
6006
7194
7752
6635
7612
6635
7543
6565
6775
6216
6146
6216
7892
8381
6146
7542
7403
6774
6705
7403
6635
7333
7264
7403
6495
8311
6705
8730
8800
6705
7822
6496
7403
6355
8241
7682
7334
7683
8730
8660
6984
7892
6984
7403
7054
6635
8032
7683
8032
8171
7473
7823
9009
7542
6496
6496
7473
7892
6355
7962
7543
6705
7613
7683
7613
8660
3702
6705
7822
13409
8241
6426
6425
7682
8591
9010
7264
8730
8451
8381
8590
8800
8940
7962
8380
7054
7892
8450
8171
7124
8032
7264
9429
8451
8800
8451
8870
8590
8731
6915
7822
8800
10267
9009
8870
7124
8731
7124
9010
8102
7194
8870
8521
7752
7683
3701
3632
8800
7263
9149
9009
6914
5936
8940
9568
7823
9778
9708
9568
9499
9708
9708
9568
9498
9987
9428
7752
9359
10266
9847
10337
9708
8032
18508
10197
7752
10197
9568
7682
10267
7682
9917
8311
9288
9428
9428
9778
8731
10057
9708
7613
7612
7613
7473
7473
7473
7543
7543
7473
7473
6495
10756
6495
7822
7892
5587
8172
8172
6775
6775
3631
8171
4540
8171
8172
6844
8101
8101
8102
7194
10126
7264
10546
8800
9708
8172
10057
10127
10126
8101
9778
3771
10197
10616
10755
10127
8102
8172
8242
8171
8451
10337
10896
11174
9359
8172
8730
8380
8311
8241
8241
10825
8380
8311
8590
10965
9778
11593
7892
3841
8241
9009
9289
12222
8940
8800
10825
8660
8660
8590
9009
8800
17530
8870
8939
8730
8799
8800
8800
8800
9009
8870
10057
8940
10756
10825
10615
11174
11454
8940
8800
8660
11035
11314
11733
11175
8940
9009
8939
8799
9848
9010
8870
9917
11245
9499
12502
11873
11524
9568
9498
9289
9289
9569
9428
11524
9288
11943
9359
11873
11733
9777
7752
11315
8101
11523
12431
10476
11664
12641
12013
11384
11942
11803
9917
12292
24585
12012
12222
11733
11594
11524
11524
12502
4051
5867
12152
5308
5098
4051
11454
6984
7962
6495
12362
12851
13619
12641
13130
12222
12222
13200
12711
13689
13269
10196
12641
12362
12920
11105
13060
12571
12711
12571
12432
12501
10127
12711
4470
13061
12711
10197
12781
12711
25144
12781
13200
12990
10337
13061
10336
12920
11175
10127
12781
10057
12920
10267
10337
11454
13689
13131
10266
12641
9777
9358
9429
9289
13759
9149
14387
13898
14038
13618
5797
14038
7403
13200
13759
4540
10685
4540
4819
13828
10826
10756
13758
10826
13549
11175
13759
11105
12362
10895
10895
10825
10965
11174
13410
14387
11174
13828
10685
10686
13689
18927
13619
10546
13549
11175
14038
10685
11454
10476
11174
11594
11524
11385
11244
11384
11314
11314
12362
14527
11454
11384
11523
11593
11523
11454
11593
12292
11594
11524
14945
11454
15155
12711
11593
13968
14597
9987
15086
14946
15435
14666
12292
6356
6216
11384
11314
15016
13829
15295
15016
14596
14178
14247
14806
9918
10477
15016
6216
11314
15225
15295
12222
15854
12083
16273
12013
13898
12083
14038
14038
15016
15715
12083
6845
16762
5029
14318
16482
16553
12851
12083
21790
16552
16553
12012
15016
15714
16273
16273
15924
15575
15644
15644
15225
15574
15784
15365
11943
16133
12083
15645
13619
6984
5308
17041
12082
10616
12152
14317
12572
12920
16831
12850
17180
12850
12991
12991
12851
12991
17669
17181
12990
17251
16832
16972
12991
17181
12781
12851
12920
14736
14108
13200
13060
12991
16832
12851
14527
14177
12851
12921
12851
12850
13479
12851
12781
16971
11594
17460
12781
12851
12781
5307
12781
10267
13060
12990
17321
26958
17809
13689
18018
18298
13689
18368
18508
13758
17809
18299
13619
13758
18648
13619
18368
13619
13689
17251
18857
13619
13618
13688
18228
18578
18438
13549
18228
13549
18717
18787
18577
18159
18717
13410
18088
18717
14876
18299
18298
13549
18158
18648
13549
18228
17390
13619
27168
17950
18299
14806
19206
156514
20603
14178
19346
14248
19276
19207
18857
19416
14177
17251
18159
19346
14177
14108
14038
13969
24933
13828
13968
12152
14107
14178
14178
14178
12292
12292
14177
14177
14177
14038
14108
14178
14108
14247
14108
14108
14177
14108
12362
14177
14317
12502
25143
12361
14178
12292
14108
14108
14387
15016
15016
15016
14946
12991
13061
14807
12991
14876
14946
14876
12991
12991
14946
14946
14876
10057
14876
14877
14876
14806
14876
14807
14736
14876
14736
14876
14876
7193
7123
6704
15226
15226
15086
21022
15086
20463
14946
20743
16901
16343
15225
14876
15156
15086
15016
14946
14945
14876
15505
21930
21790
21930
21441
19975
20673
21511
21650
21930
16414
21581
22070
22629
20743
21302
21581
21650
13619
22699
21930
23048
17600
16133
15714
15854
15784
15784
15784
15993
15853
15784
15714
15854
15575
15644
15923
15784
15994
15714
13480
15784
15784
13759
15784
16133
15784
15784
15924
21511
23746
16622
24025
23816
16762
16832
23466
24025
16831
23327
23746
23676
23606
23816
22838
22768
16622
22558
16622
23258
23746
16692
18368
23676
24235
23955
23746
16622
20603
16622
23047
16761
16622
23467
24025
34013
23816
16762
19556
23187
24026
23397
23537
19975
16692
16692
16831
16901
16622
18927
17530
18298
18089
24654
18159
18159
18088
25562
25771
25143
25841
18578
25352
25003
18508
18159
25352
25213
18088
25702
18159
25073
24654
25213
25283
25632
24444
24864
34711
25352
25422
25212
17949
25073
25142
24235
25003
25352
25003
25492
24654
25213
24514
20533
18019
24235
24514
24654
25352
24374
18229
26959
18857
27238
26539
18718
26610
27028
22280
26888
25353
18857
26330
26540
18927
26749
20743
18997
18927
26540
18927
27168
26819
26260
18857
25772
27168
26819
22978
18788
18927
18788
26750
18927
26540
27238
26749
18787
26888
18647
27308
26680
18857
18788
27307
18787
27168
18787
27378
18927
28565
22838
28426
28565
27377
28355
21162
28006
27517
27447
27797
28565
28285
28076
28565
19904
28425
19834
27727
19905
19835
28286
19695
27867
28285
20184
28635
19765
40507
19975
28984
19974
28216
27867
28914
19835
28845
28775
27936
19834
28285
19835
28425
28216
28286
37435
19834
28634
19905
28146
29962
30520
43442
29682
29613
20673
30451
30031
30800
29822
30311
20952
20953
29961
30241
20882
29892
20812
29752
20882
30520
30381
30381
29892
20742
30381
30102
30800
29613
29682
30101
30870
29752
30520
31009
30660
40089
30241
30311
29892
20604
20603
28635
30590
30590
30241
20813
30939
30730
30311
30939
31987
21720
21581
31778
24095
30870
32686
31778
32127
21651
32406
21720
32756
21511
30870
31848
32057
32266
21650
31289
21581
32197
22978
31777
21511
32197
32266
24305
32126
31638
21581
31707
32197
31289
31847
21651
32057
31848
21860
31987
21791
28076
31778
31499
31778
31777
21651
32546
23885
32266
33175
22280
22489
22488
36387
22419
22419
30102
22349
22419
22419
22349
22489
32686
22488
22419
22279
22349
22419
31498
22419
33175
33244
33384
22558
22629
30241
34152
32755
32895
22489
34222
32686
34502
33035
33035
33105
31709
22768
32756
33244
33315
32616
33174
22209
22488
22419
22698
22209
22907
25283
23257
26749
34641
35130
23397
23606
23536
23397
23397
23327
35619
35619
36038
23397
23396
31289
25702
25491
10057
9149
23466
26330
23537
23746
25213
20604
20393
30591
20393
20603
23397
23676
24305
23396
23676
35269
25561
35828
48819
23676
35200
23397
34152
23397
35130
24095
35619
35619
36317
24653
36736
24584
36737
24514
36596
36527
24445
32266
24654
36248
24514
24445
24654
24444
24374
36247
36038
24375
36876
34711
31289
24793
36248
27378
35549
25912
35758
36318
36178
24235
24375
36806
36178
24374
32965
36527
36387
36248
36457
24584
24235
24375
25772
24654
37085
35759
24444
33454
24794
22349
25283
25282
25353
21861
21930
21860
25213
25213
25283
33943
25143
25143
25213
21791
25212
25143
22000
25282
25213
25213
25213
21861
25213
25143
21930
46515
25212
34641
32127
16692
25212
25142
25143
21860
25212
25212
21860
25352
21930
25072
21930
37295
34431
25492
37365
35898
37714
37365
27448
28006
27797
28216
28007
28076
28216
38762
27936
35270
36945
38972
28076
36178
36108
27936
27937
34641
27657
34850
34711
35060
28076
28146
38203
28146
140311
33873
44279
27727
38342
10756
34571
37994
34013
28006
37714
33943
37434
28006
24234
33523
37434
27727
27448
27587
27657
27937
27657
27517
30660
31359
31429
33454
31149
31149
31149
32127
31219
31289
32686
31288
31289
31219
34362
36317
31429
31289
26400
36317
31080
31289
40439
31079
31219
36946
31358
34641
41067
33803
31359
37015
31708
34361
34362
31359
31847
31498
31149
31498
31359
31289
31079
40019
31149
31359
25492
31289
31358
38133
30940
34222
31638
31499
31568
31568
31568
31568
31429
31429
31638
31568
33524
31429
31428
31847
20952
35060
22838
27727
26889
13619
12990
31498
31359
24444
22838
44838
26958
13828
13968
13410
14317
11942
20044
32476
11873
31359
19625
31288
19696
33593
31498
31359
31429
27238
27238
27308
31289
31358
33524
34223
33943
33734
33803
33734
33942
34012
33734
33803
33733
33663
33593
33733
33663
33663
34152
33803
33733
34781
33803
33663
33663
33733
33733
33664
33943
33734
34012
34013
34083
33803
34012
34082
33873
33663
34012
33942
33803
34711
33803
33803
33803
34012
34153
33873
33803
33734
34013
33803
35759
36317
36247
36177
36387
36247
49518
36317
36387
36247
45606
36178
36388
36318
36247
36177
36457
37365
36457
36388
36248
36247
36247
36457
36318
36318
36247
36177
36457
36317
36317
36248
36527
36317
36387
36457
36527
36387
36457
36317
36457
36388
36178
36177
36178
36457
36317
36318
36457
36317
37365
38133
37784
37784
37784
37784
37784
38203
38133
37994
37784
37784
37645
37644
37993
38133
37854
37854
38063
37784
38064
37854
37993
41695
37924
37923
37854
38413
37923
38063
38064
37924
37923
37853
37784
37853
38064
37714
38273
37924
37924
38133
37714
38203
38483
38901
37854
38203
37853
38203
50636
39321
39180
39041
38902
39181
39111
38971
38902
38971
39390
39391
39181
39041
39321
39181
38972
38902
38901
38902
39181
38972
39111
39042
39041
39041
39391
39251
39181
39111
39320
39041
39111
39042
38971
38972
39041
39251
39390
40088
48959
39181
40089
39321
39250
39320
39111
39111
39251
39111
39599
40368
40368
40368
40368
40508
40368
40438
40508
40299
40437
40228
40228
39879
44210
57688
40508
40298
40368
40368
40298
46095
40438
40368
40159
40019
40019
40018
40158
40158
40159
40089
39949
40019
40019
42254
40298
40158
40088
39949
40159
40019
40228
40368
40298
40298
40159
40229
40088
40159
40926
41905
41625
41556
41415
41485
41905
41695
41415
54965
41485
42463
41695
41555
42533
41765
42882
41905
41555
41625
41556
41835
41625
41486
41834
41695
41136
41485
41416
41695
41625
41416
42742
41695
41485
41904
41834
41834
41975
41695
41415
50496
41485
41625
41905
41834
41695
41555
41695
41904
42324
42953
43022
42882
42882
42743
42883
42813
43022
43092
52520
42882
43092
43022
42952
42883
43092
43022
43022
43232
42952
42882
43091
52032
43232
42952
43022
43022
43161
43092
43162
43092
42882
42952
52241
42883
43092
43232
43022
43092
42883
42882
43162
43092
42953
43231
43022
42812
42953
43441
43790
44699
53707
44489
44559
44419
44210
44419
44628
44628
44629
44419
44349
44699
44559
44349
44698
59575
44349
44349
44699
44698
44419
44768
44629
44418
44768
44629
44419
44628
44769
44558
44628
44768
44629
48330
44628
43930
44699
44488
44280
44418
44419
44349
44419
44488
44488
44419
53568
44768
45047
45815
16762
45537
45676
45676
39460
45536
48539
45606
45746
51333
45676
45467
51473
45746
45606
45746
76406
47212
48679
45676
48261
45676
45676
45607
45676
45676
50775
46025
45886
45606
45676
45676
45606
47632
45746
50705
45676
45676
45676
45676
45676
45676
51194
45815
60553
51263
51403
45815
46304
47561
47003
47142
47981
47631
47212
47073
47073
47073
47073
47212
47073
47353
47212
49797
47213
47142
47143
47073
47142
47282
47073
47142
47073
47771
47213
47003
47981
47282
48680
52450
52241
53358
52381
51473
47142
53358
52521
52730
47143
46863
46933
46933
65651
47142
47003
47002
46863
46864
56152
56292
56850
56153
50356
55035
50355
50215
57269
50355
50216
50286
50076
50565
50216
50425
50285
50355
59714
50286
50286
56920
53848
50635
50704
50704
50634
50565
50495
50635
50634
50634
50565
50565
50356
50635
50495
50495
56431
50495
56222
50565
55943
51054
56851
56501
56851
50565
68654
50495
52800
59016
58597
54476
58457
59156
53498
59783
59016
53638
59784
58946
58527
58667
58876
53637
58875
58456
53777
53568
53428
58666
53358
59644
61181
58806
61111
53638
53568
53778
53778
53638
53498
53499
53498
56571
53428
53568
58107
53708
53498
53429
53498
53498
53777
59505
54406
53499
53638
53638
54616
61460
55034
61180
55035
60063
60971
55314
56222
72704
59505
60273
66838
59574
55035
73822
61180
60343
60273
59854
54965
60622
60552
60482
60552
60552
60203
60272
59993
61041
60273
60272
60971
60343
54965
60203
60482
55034
55105
61111
61740
60761
60901
72355
60063
60482
60133
60412
86603
60412
57339
60902
63276
64114
81295
62577
63066
63695
74590
63555
62927
63416
63626
63904
63556
63416
78013
63485
64254
62508
64184
63556
63206
62857
63695
63346
58317
61111
63416
63485
62787
64533
63555
63835
48959
62717
63555
62159
58248
64114
58317
58317
63416
62926
58108
62996
63485
62857
63625
63415
64323
59714
65302
68514
64603
60831
77733
64603
64882
65581
64883
59644
66698
65301
61879
64812
64603
65860
65510
77384
65860
65302
65441
65580
65651
60482
77035
65161
64463
64743
59854
65790
64813
65371
65371
60762
66768
60063
65371
65930
64394
63206
60064
64952
59784
60063
68445
59784
59574
60063
60692
61460
61530
61460
62158
68095
61321
61390
61250
61460
61460
61390
70958
61600
61390
61460
61320
61390
61321
61391
61460
67047
61460
67676
61600
61530
62089
61599
61320
61390
61460
61600
61530
61600
70818
61669
61530
61600
61599
61391
61600
61460
61390
61460
61739
61949
61739
61670
61390
61321
71726
66069
72565
71447
66768
66000
65930
65930
71587
66140
66000
71657
71378
70819
66908
73822
72285
72635
65930
72495
66140
70750
72425
66140
71447
71657
66000
72285
66908
71866
66140
71866
72425
66140
86743
72564
71797
69282
72285
66838
71866
65791
71936
65999
84368
66139
72006
72216
66000
71307
72425
68165
67956
68165
75987
68025
67956
72914
68584
68026
75568
68025
76126
68235
68025
67886
71587
68305
67955
68095
68164
68165
73683
67885
72914
68165
73473
73752
70539
73263
73053
103714
72984
72704
72704
73124
69771
72635
72984
72705
74032
73193
73613
72983
72844
74032
73542
73682
73193
73613
71029
72076
72006
71937
71936
71866
77803
71936
72006
71936
71936
76057
71937
62089
72076
71867
51542
71936
71866
79269
76965
62717
61460
77174
76965
77314
77244
75917
77453
77873
76336
75289
76406
76545
72356
77105
27238
57409
70958
41206
38971
77733
44349
76475
95543
58108
72285
77524
86254
72215
80456
79619
78641
78291
74031
73822
88209
74101
79689
74241
73962
74032
73962
78781
73891
74241
79060
80177
74102
75149
78921
74101
79829
84230
78990
74101
74031
78361
74032
74869
78501
77943
74101
74031
73961
79829
74031
75079
74032
79549
73962
81993
73892
75568
74101
78780
75498
74101
157282
75009
80806
82691
80387
93098
29612
29542
28635
84647
81225
49168
88838
76336
81295
76406
82202
91981
84298
81225
81644
76616
77314
76406
76197
81225
81994
84298
76266
76266
77314
76197
96731
76126
76686
76336
81784
76267
82133
76266
76266
76476
76336
76336
82622
76476
76476
76406
81854
81714
82482
76476
77733
83251
84088
84158
78780
78571
78990
84158
84019
78780
83180
83530
84158
78711
78711
84787
78780
84507
79758
82901
78710
78711
83740
78781
84159
78850
78711
78710
83879
78711
78781
78990
28146
93866
78641
86114
68444
67885
87302
79619
67885
89048
78850
78850
79269
78990
81016
79899
83809
78640
79130
87301
85904
85276
86324
96799
86463
95752
86952
80107
88698
180189
86812
80946
81016
51752
73333
57479
77943
80177
57410
64673
64673
78292
80247
80177
80107
80177
69352
80178
69142
83111
80177
80248
80247
69142
69142
80248
80177
88629
80177
80247
94006
80247
69142
88209
80178
80177
80177
91352
83181
100362
89745
89606
84367
90723
84508
90305
89466
84368
89536
85555
85625
85346
90933
89257
84577
89606
89536
102736
90584
84508
84437
89885
89955
89815
90165
89466
88139
84438
91142
85345
90234
84507
84507
90444
85346
88419
84508
90234
90095
89606
88209
84648
84438
84717
84368
84299
84228
90374
86044
92259
93098
88070
92399
92470
92888
87231
92959
92679
91981
93447
92749
92958
92609
87371
87302
92818
93377
91911
92958
92190
93517
91632
92959
93447
93657
92330
96799
31149
93586
93447
92889
79898
92888
79479
92958
92260
91771
91911
92958
102107
88768
91911
103086
87162
97219
92399
92749
92051
93866
89047
184800
88907
93447
95053
95123
33663
31638
106997
39739
90863
89886
95822
94635
91143
97149
94216
96381
95822
95333
94844
88907
94774
88907
97848
95333
89257
96729
58248
82063
95542
94564
76615
31778
94774
76825
97637
89117
96031
89257
76825
90165
89118
76826
96241
95263
94983
95123
88978
89676
96311
90933
90794
99314
76266
90793
90863
93447
90653
99244
90793
90724
90723
78152
83530
78222
90724
117752
99314
32196
112025
98127
90793
90863
97009
96451
94704
91073
90793
90863
97777
97917
97288
97009
97428
96590
97358
91003
98056
90793
97638
90724
98965
96939
97219
96311
96870
98476
98056
32825
99663
51124
97917
94635
100431
100431
85206
99104
98406
99104
100082
98895
100781
99453
100082
98546
99384
98685
99733
99943
99384
98685
94076
98686
98476
98616
93936
177745
99802
99593
99943
100850
100851
113631
107206
55174
98755
35061
67187
67118
81016
103714
93936
94145
94216
97847
97987
103784
100362
102177
96311
102387
102247
101968
116217
97218
101689
101549
101898
96171
101200
113631
102528
103434
110419
101060
97917
96381
66000
77593
96241
107695
82971
86115
101060
86952
89118
87790
119847
103155
102247
102596
101339
101340
101688
102107
101968
101549
101619
101549
105948
100990
101548
102317
110628
104622
102457
100501
106158
99593
91003
87092
106228
106298
106368
106298
101060
107206
108113
100850
106437
105390
106507
106018
100920
106298
100851
104761
106298
118590
106437
104971
104762
105460
105669
104831
105739
117752
105949
105949
104552
105459
105041
105669
104831
107066
101060
104901
106368
105180
100851
104762
100641
106228
100990
117053
103155
100850
100711
96450
103574
103504
103713
89117
103364
105739
111327
110139
113422
108533
103574
110140
109441
110279
108463
109021
118939
108184
108812
108672
109232
103504
104622
109232
109231
109022
111256
106507
103713
105180
110768
118939
110140
109021
109930
104692
119289
103574
108184
109371
110069
109301
109022
109232
110209
109999
118032
108951
109021
104482
111117
113003
109930
105809
112234
112793
111746
110838
114469
122780
112375
112024
111047
113422
111047
106018
112584
112095
111885
107207
122291
112793
111186
111816
112094
110837
107625
111187
107765
110558
110908
105879
123828
105809
111397
119358
112653
111397
112863
120546
112374
112095
105949
106228
112165
112025
105879
112863
122501
127669
113631
38273
114679
108672
198767
110069
115448
114330
108602
113701
117612
108742
108603
116705
114190
114470
113701
108603
108743
108673
113771
113911
114050
108882
109511
108603
108603
115587
114679
114958
109790
108672
113771
113491
108743
109929
113981
114259
117682
118591
108742
108742
108812
108952
108813
108672
109161
108882
108882
42184
42533
42533
116635
49796
111047
68374
117263
118380
125015
128647
118171
117333
129834
116913
117333
116565
132209
117542
116424
117053
118450
117472
117542
111327
117892
101479
101828
111256
101968
102037
95821
111257
115028
115587
201910
118171
111396
111397
111396
111466
111466
111326
111536
111536
111675
111396
111536
111745
99872
112584
120895
120196
119637
119917
114260
122222
131441
122012
120127
119567
120545
120126
119987
120057
113911
120685
122221
113980
120895
122221
120476
121104
113771
120267
121593
119847
119917
131581
113910
127740
119847
121035
119917
121593
113911
120476
114958
113771
120545
119498
121104
120127
119987
113981
120546
113841
121244
119568
119777
122361
129625
234875
122292
116774
116564
122780
129346
65022
65092
116774
116635
108812
116424
93867
116564
116564
100361
100221
105320
117193
127181
116634
116564
100920
116565
100362
116564
124317
107834
100431
100361
116495
100361
150507
116914
122221
124736
116634
122361
116495
122571
122711
121942
132279
118869
123060
116495
122291
122292
126342
137517
138564
127111
128228
126132
127809
121663
128298
126833
127948
126901
149529
127250
129904
139682
128088
127740
127110
141917
122501
127878
126482
126831
127808
127878
126762
127110
122711
121663
121035
128298
126552
128368
127111
127739
128019
140729
127320
128508
127600
128019
137237
127320
126901
128158
127111
127460
126133
126482
123060
130393
133815
141428
146178
124387
124317
124387
130463
101619
138565
107205
124317
124456
110279
111117
128018
129695
128786
132140
124457
132489
124596
135142
128926
210361
128297
130044
128437
128437
130673
129205
131650
124526
132628
130813
128996
130673
153371
128578
130044
129066
128996
129275
128368
129625
124666
124317
124386
124317
132278
134932
127180
132209
127320
127110
127111
132838
135561
131650
127390
137866
127530
127460
133606
127670
132977
136819
127529
127250
139402
127320
134234
127390
134374
133256
127320
136678
127180
134304
151974
127320
134374
137308
127181
134374
127250
135421
137098
134305
127251
127390
135212
141218
134654
127251
127251
134374
127460
127250
130812
132419
132349
113840
113911
133117
141219
142266
113981
113841
132348
98406
132139
94355
132348
132209
146736
132209
132279
113910
113771
132279
132139
125365
132209
129834
141777
132278
113981
113841
140660
132279
113771
144222
169434
131860
113841
144082
134165
132279
132209
133467
145897
132209
138704
151136
132279
139543
148063
132418
143034
151275
152113
144641
141289
144012
140729
138634
141358
147085
138424
142476
142825
142336
137307
140940
144221
140800
141987
151555
140800
140869
142196
137377
143523
140870
137657
137447
140869
142685
143034
141917
142824
142685
154908
144780
99873
50704
50145
142406
49098
83599
141707
102596
142336
49867
141847
137447
48051
152045
143523
140590
144711
140869
149671
140380
140311
49028
92469
146177
140450
140311
112933
140380
113073
113002
140381
113002
140450
139542
139613
140381
140311
140381
140381
140311
121035
140450
137796
138704
121384
140590
140380
129136
148412
140310
140380
120825
146038
122152
133536
151136
149319
120825
120895
138564
148482
120825
146945
158750
148272
148552
147853
147923
147853
147364
147295
143802
160984
149739
146875
146945
147574
147224
147644
147993
143453
146876
157282
147434
147296
147853
154279
147993
147435
147505
147923
147853
147714
147783
148203
147505
143593
143523
147434
146456
151486
143733
143872
152114
144012
143873
149878
147993
150088
148202
147155
148552
143524
144571
145968
146596
152951
151275
151136
162520
150996
167199
151625
146596
146806
151136
151555
151136
154697
146386
160076
151345
151066
159865
151485
150717
151276
154488
146456
161403
152253
151973
146457
153231
156863
147505
155187
150298
146596
152183
151695
165384
146526
146526
151346
146457
152672
152044
152183
150158
153789
146526
154278
150997
51822
156095
122152
133117
172787
155466
149739
154139
149809
154768
153161
154908
153091
149878
177885
153790
153790
153162
153650
153371
162031
154837
153441
154279
153511
154907
153510
154139
155117
154908
151345
154209
153441
163777
153651
153370
153790
169575
152882
149739
151135
149739
151206
149739
157561
157631
150019
255758
155047
149739
156863
158609
157212
254291
161542
155955
159028
159936
160914
152742
160424
156793
160774
157003
152743
153650
152673
158120
157840
157841
166710
157701
153371
163148
157561
165802
157352
159029
156583
165243
157282
157072
132558
153092
153162
257573
160704
157003
158818
156653
156863
157562
157910
168247
158329
159936
158189
156583
157002
157841
163009
155885
155885
155886
155745
164336
155815
155745
155676
155745
155605
155745
155746
141638
155745
158679
134095
134095
169574
152183
134165
155885
155745
164336
156234
158189
155885
159936
168177
176208
175580
158889
158888
155815
159936
159377
162939
160145
159656
161333
160146
160076
169923
170412
158399
160006
160983
168177
159866
155955
152253
148063
158469
158470
162170
162031
156514
161682
163917
164475
174533
172298
162729
163777
163078
178583
162032
162590
171181
161892
158329
158399
163638
162520
161962
165872
172786
173765
162170
163078
162380
278945
158329
165453
173415
162171
162171
163148
162939
174882
159866
177047
158539
162380
163986
163707
172717
161751
162869
162380
168736
161961
161751
161752
56292
161682
129345
161682
181029
130114
161682
169854
161752
170133
161682
139123
161612
170272
161751
161752
167199
139193
170063
138983
161682
161612
170552
161751
175232
152324
180818
176907
165244
165873
179352
165384
182007
165733
168736
165034
166431
165802
165873
168876
177257
167270
164895
161892
165942
169225
178025
169714
164335
177466
164406
164406
171948
169993
164405
164894
168386
169085
168946
169015
168177
165034
168456
169853
168946
172856
184170
168387
179142
170552
170412
170063
168177
165802
57619
179003
154069
90444
120126
169783
120057
174812
155046
169294
164545
164685
168386
169085
168876
164196
169504
168596
179072
181308
169783
180051
165314
166989
167130
173205
171250
171459
171250
181167
170482
171390
173275
197231
170691
174952
171041
171110
172298
190526
166920
166920
168386
175370
166780
166711
171948
197441
172786
168317
174673
166920
166920
180888
171180
171879
181516
172018
195345
167129
167060
167060
167060
188990
185079
173206
180678
171739
178793
171320
171809
180748
175440
169784
169504
182983
169643
174742
169644
169784
171320
169574
174952
174463
197859
174043
174254
173765
179352
169713
169784
175650
169783
169504
186825
169783
169713
177675
178374
169714
169783
177186
169783
180190
169783
169643
179351
177745
179631
170482
169713
169783
177955
169714
177745
169574
169713
169783
177955
169784
169644
169574
176419
178234
191295
186615
178863
175719
175790
178514
176558
176488
178025
187942
176628
187314
179352
176348
177536
182076
172228
172089
172159
172089
171948
194647
172088
172158
172088
172158
172018
172088
172368
172158
172089
172088
172297
182076
171948
172227
172158
171948
172298
173834
172088
172088
172228
172158
172297
172158
172088
181308
180120
179073
180050
174952
174881
188851
184450
185079
184591
185428
174743
174882
174603
174952
175162
175021
182634
174952
174673
174742
174812
174742
182075
184869
175859
175161
174742
183193
180119
192063
190876
174812
188501
182005
189409
181167
181796
182843
180050
181517
183472
179211
179073
174812
179002
181587
189549
181447
180679
195765
182634
181726
198977
61460
61390
176768
182704
176488
180469
180539
182494
182564
177465
182494
192412
182564
181657
184381
182075
182075
182285
191295
184310
184310
183333
184380
177046
194857
176419
191644
184869
176488
177256
176488
176489
175790
275314
176348
175930
183542
183542
190945
184450
192063
183682
192621
183472
193180
181726
179840
176767
177606
180260
177885
176908
176767
187244
170342
175999
170552
185707
170342
177675
175859
170412
187174
170762
177186
177117
170411
177606
187872
169853
176278
176278
169643
185916
175301
176977
175231
189898
184869
176069
175580
190946
175650
176837
175790
176698
177327
177326
188151
176697
183891
176209
184590
178444
176977
176139
175022
173903
174602
172367
181377
168527
166920
166850
167478
173555
172367
176558
173206
172577
172717
167549
173625
185777
149669
168945
167548
181796
167478
167339
167339
260856
196532
167548
172018
188501
183332
172437
167199
175022
167199
167060
168806
167059
173624
173275
173416
167059
167129
168806
168736
167758
167269
167269
167060
167408
163568
176698
169504
168387
167828
177187
178653
171320
167408
169574
168876
168457
170063
167689
170342
169644
169364
181796
170971
167688
171041
169155
168526
169085
169085
179073
171250
171739
163498
169714
170481
59155
59434
56921
168735
169015
168527
166990
169155
166850
169365
168107
169015
166850
168666
179421
168247
168386
169085
163917
165872
165663
165942
165593
167199
167129
164546
167130
166012
161262
166990
160145
178304
167129
176488
166990
166431
166710
165663
168666
178234
167059
175162
166570
167898
170901
166501
169574
166501
166082
166781
166850
164685
166500
166291
168875
164895
165453
164545
167688
175719
169364
166012
167130
175650
166501
166640
167828
165454
163707
162031
161543
164964
164405
163916
160145
164545
212107
192063
159377
159238
159377
159517
159447
159517
166641
166291
167619
163149
173625
166990
163218
162590
166152
162729
168667
160006
159098
166920
160565
163219
180679
161681
161193
163288
163149
162311
161193
171110
161123
163079
172018
163987
160704
170272
161542
162310
160844
161123
160075
177815
158679
153091
167968
158470
158260
153161
153860
154140
153441
160145
168107
158120
178024
159936
161263
168037
159726
159936
158120
158400
159237
158749
154907
162031
159377
160215
153651
158749
160215
170691
159656
166989
169575
159796
159866
159518
158120
171040
157700
161263
158539
161333
159028
160076
159377
158959
157422
181377
160844
155885
155536
156723
165034
160356
165244
156025
55035
146736
167060
147644
107276
155536
162799
165175
164755
147993
157701
55105
166920
103924
125365
157212
157212
134095
155606
150787
150508
151067
150787
162730
153790
154558
153650
153790
153999
158399
158399
153929
156025
154907
155256
149809
155326
154139
52380
156304
154349
155047
155466
153440
152043
153021
164477
147923
148063
153092
152114
147993
148063
148063
147923
147993
148133
147993
67886
127250
129276
94984
148482
141986
147993
142754
147854
220977
160005
147504
159028
156444
154348
147644
151415
147434
147365
147434
147225
147434
147434
147434
126901
140520
151834
147434
147434
144082
147295
126901
134444
147504
138914
125853
125574
125225
145618
146038
145619
152533
125294
145967
153791
145548
133326
143453
156095
154419
138494
145619
138983
145688
145618
146108
145549
156793
154208
125225
145479
150926
146386
153859
145968
145548
145619
132418
146107
143593
102526
50914
145688
145828
93517
145479
145618
235713
145548
145618
145618
154488
125294
145409
148831
146805
144711
144919
144781
122571
134024
142546
142476
100082
142615
101688
122431
114819
142406
115238
142616
143104
142616
142616
142615
142545
122711
155745
142615
142685
157073
122710
142685
142964
142755
130812
142685
142405
148342
130323
122781
122711
160077
122222
142615
141987
141917
142196
122222
150717
138914
142126
141917
122152
122152
139472
139961
127879
119917
148063
152533
139752
139403
140659
48888
48819
139962
99314
145060
146457
139542
146736
145618
145828
146666
146946
155536
145269
138984
146317
138984
144572
139543
143593
142755
139473
146317
144850
146178
139542
139123
139263
138984
144641
143523
144990
138914
138914
138983
146666
144571
138984
138914
147574
138984
136749
143593
143733
145199
144151
144710
136679
144640
136540
144850
144012
144850
143593
144920
153231
136539
136888
144151
160984
143174
144501
143034
144431
136120
144431
135980
144501
143662
152882
144362
136539
144221
142895
152603
152602
144431
144221
144431
143454
146527
141987
142266
150368
136050
135910
135981
142546
234945
143872
141709
139263
138495
141358
138914
151206
148552
149739
139123
134234
139402
151625
138983
134095
134654
134095
134025
140869
133606
133815
133536
148133
147155
138076
133816
139263
162241
135631
46794
133606
133606
133536
115237
114958
133606
133605
130532
133536
140800
70330
141778
64044
153721
139542
168946
140730
133676
121802
115098
138075
143245
131161
140101
131301
131231
138425
137238
136050
116704
137586
145479
132279
143663
131161
131022
131580
134932
113212
87022
52311
131580
131092
131232
132628
125434
113003
130952
114120
138705
136539
148971
131232
137936
138285
139333
131231
131301
132978
139053
136260
138565
131022
135840
130672
130673
137168
148552
137866
140590
136679
130602
144850
135701
128368
134862
134443
139542
128857
128298
134304
134095
134654
128577
147853
128297
135072
136679
134932
133536
146038
135072
128996
135073
128508
130114
135491
128507
157910
128368
133955
137308
127809
143454
127739
133117
127879
134653
147644
134514
135282
127669
136190
129694
157561
128298
128228
127669
133326
127739
127809
127809
134934
128368
150298
122222
128368
122291
128088
127949
122781
122291
127879
122431
122291
129066
128857
122361
129625
128926
136818
122501
122361
122362
147575
122431
129695
122571
128368
127110
131510
122501
128368
128647
129555
139473
122501
128089
123549
128717
122571
128856
129835
128018
129277
128158
128019
121802
137797
123340
129205
122082
119079
116913
296335
124038
140590
116844
124107
116285
117683
116216
117542
116285
123968
116495
116355
116285
116355
118101
116216
124318
144641
122990
116565
125015
116914
116984
116774
123968
121803
123549
127250
122432
121872
123479
116425
122502
123758
132628
123130
123758
122151
146178
116425
121313
116355
122501
124038
122850
124806
122571
114329
123270
121105
113631
122012
120336
120825
119358
119917
120685
120825
113562
114678
137517
121104
121243
121454
121453
120755
119707
123200
133117
121732
120965
120197
129555
120196
120197
114190
119218
129695
129694
122711
115447
122571
119568
121383
120546
121733
121942
122850
121593
120825
86813
86184
117961
87581
114260
114120
121802
112094
116425
140450
130324
111466
112863
116704
-999883296
138565
116424
130044
117053
111606
118520
118799
119149
111606
111605
112025
120197
83041
111536
111955
111396
96031
96311
111536
111466
111397
111467
95962
111536
111606
111396
96381
120686
111466
96031
111536
109441
111397
95473
110907
111326
110838
114819
111117
111326
110907
111117
93867
94355
109441
109371
109441
109441
94145
94216
107765
94285
113073
112304
97009
112164
101828
122711
112235
112374
112305
112305
112305
112305
112304
119777
112863
112374
112304
120057
112374
112444
112304
112374
112305
120406
112444
117543
105529
120057
115098
126133
113911
87720
40577
38482
38552
45187
122990
109022
115517
93378
106997
113771
115796
123130
113213
112653
113631
112444
112025
116635
112095
106926
112584
107345
106926
112444
113981
106857
122990
112164
106787
126133
112304
106927
112444
106927
113701
113911
112444
112025
106298
112095
114539
124806
112304
75009
112374
112305
117543
108394
114050
112654
107346
112654
112444
108742
106438
106228
37505
45467
99314
104063
74520
74451
74451
74450
74311
79270
89885
115517
108882
119149
109999
109441
110419
109511
105460
108463
105180
105739
110488
110558
109650
109302
112374
114679
110348
104762
108952
112305
110348
104831
114190
108882
110838
106787
105670
108952
109860
104133
109092
108533
109721
104203
111816
109720
107625
104342
110907
109999
106437
107066
116984
106647
114330
106507
106089
107066
117682
107136
106717
106159
106856
103155
102666
109301
107974
109580
107695
91771
37854
101758
102387
37574
101758
101828
106368
109371
101618
102597
101759
101828
101968
102038
101758
116635
101828
101968
112444
101828
101968
101898
102108
102386
101618
101968
101548
101688
107555
101688
104552
99733
99034
99035
104762
103644
105041
98615
104622
98685
106018
98685
116146
104203
105390
104202
113561
106018
103224
103644
105390
98686
104831
98685
103225
98616
99104
98755
105320
98685
105599
108044
103504
103924
117542
104272
105111
100152
98685
104761
102806
104133
108673
105390
98685
102806
102667
98756
98755
99104
102317
94495
100990
101548
104482
95473
100710
94355
100571
98965
95612
99384
100781
109860
99942
125085
94355
94494
94565
94355
94355
94355
67746
94355
73124
110628
57968
101059
35479
113352
99802
101479
110349
99174
102666
102596
94565
101898
101339
100711
94495
101199
100850
93936
101549
121035
99733
101130
98337
98964
91911
90444
94634
96870
95542
96450
90304
90653
90095
97708
90095
90025
90095
107555
96451
96311
95752
97219
114539
96310
95682
94774
95613
96031
97359
96381
95962
95892
95333
96660
96730
96032
95962
95402
95333
92400
89536
90234
89536
89955
89606
89536
89955
89536
95822
96520
95542
96311
96380
90374
33174
93308
93587
94355
92958
94076
93796
92679
93587
94145
93238
93727
94215
93517
92749
93098
95473
94146
92749
94285
112444
92749
93098
87650
95822
199606
89188
93936
87790
94914
93727
104343
90653
94914
94215
87860
87929
87930
96031
87720
87860
87790
87790
88000
87790
95193
185986
87999
89187
87860
86044
85835
85975
92678
85834
85974
90304
86324
86044
86952
85904
86323
86533
95963
85904
85905
105041
92469
91981
85835
115237
91492
96241
85905
103714
92330
92329
94634
85974
92749
91771
85974
86184
86114
94635
103644
86044
85625
86323
85765
85485
100222
85625
30450
80457
85555
85555
85485
74451
69072
95613
99454
89746
83041
82901
82971
87860
88419
98337
98266
89466
87790
77733
90164
82971
72844
31708
83320
82971
73054
66838
82831
88977
295707
83390
83181
99244
80806
80736
88628
88279
81155
84787
80946
82413
89327
82343
89048
87860
82133
88418
88139
81016
80945
80946
89117
89396
80876
80875
100501
87232
79479
95333
79479
79409
79549
41137
95194
79479
85905
87091
82622
69212
74241
79549
73543
73752
68514
86323
79688
86674
86673
84717
84857
85555
79549
84997
79060
86743
79200
79200
86044
79129
86114
84717
78990
86184
84438
84578
85416
79129
86044
79130
84577
79339
79339
79200
90723
86742
28425
27727
29823
67187
32895
84856
47911
85905
27867
84996
29752
84857
29683
83250
63346
78012
84717
83669
27936
51892
82342
81295
82762
81156
83250
77244
82901
83461
78083
84856
88209
77943
84298
82622
83042
84438
84927
83460
99734
83250
77733
96240
84787
81574
77314
84019
83251
95473
83809
92958
83460
94285
81225
81574
81574
75148
81295
76058
76057
81364
82761
81784
64743
64812
75079
64742
80457
81713
80527
81015
75568
75009
75148
75428
75010
26958
75010
53708
75079
84019
74940
75079
75079
78152
75009
75079
74940
74101
63974
75848
68793
74171
80457
74729
80527
80248
74171
81015
74311
75638
80667
91633
77384
73403
79619
78361
90234
72285
71866
77314
78013
71796
77942
78082
78641
78501
71867
88908
78292
79759
77873
77104
77174
27866
71866
42603
78851
75847
79200
87302
78012
77803
71657
77943
77942
79409
71517
71447
79410
71308
71448
71447
71308
78921
77733
72146
77383
77803
78291
71307
79409
77245
71586
76615
76406
76615
76965
71168
77036
71098
77104
76545
71168
69701
77035
88000
76406
75638
75708
76057
69283
77244
69841
76267
77593
69352
69910
69911
69702
70330
69491
69491
69562
69701
69142
75848
69282
77244
74799
69352
75987
69352
76267
74520
74590
69422
76965
75428
76197
70191
71168
38203
37784
36457
48190
52450
63276
84088
62787
24165
62788
26121
72635
72844
67466
68794
73962
48399
24235
78361
67187
67047
162729
75009
73193
73962
73193
67117
81156
67047
83739
73612
73892
73612
73333
72984
67257
72495
71726
74730
66977
73402
72286
67327
67047
67397
67118
67047
73962
67047
67187
69212
65162
65232
65650
65161
70330
70888
65790
74241
65231
65022
65162
65302
65092
68025
65581
85137
70190
71866
68793
70958
65650
70958
65581
70888
65581
81923
72007
71028
70819
72425
65580
72006
71726
81435
65930
72006
70679
72914
72076
74101
70610
71377
65301
72285
73054
72076
66279
70260
65022
68863
67466
67816
62926
67816
69073
67537
68025
77733
68235
68933
67745
63486
68165
89257
62857
68584
62857
68654
67815
69422
63346
69492
69143
69353
64882
64045
69142
64114
62997
69073
67886
68235
77523
67675
67117
68025
67815
61111
54755
67118
61181
57898
64673
61530
61180
22210
68933
61250
69352
60133
59575
60133
59225
59225
59015
59016
59085
59016
58946
66768
60482
59225
59225
60483
59295
59295
59015
59645
59155
59016
59085
59156
21511
59784
59225
42743
51123
59365
59295
59714
59365
78501
60063
59435
59505
59714
60342
60063
59225
70051
59155
59434
59435
60063
59505
59155
58946
59225
65580
58178
57828
57619
57968
57479
57480
58596
58457
58317
58387
58597
57968
58248
58317
57968
58806
58038
62857
64044
57968
58527
62578
57968
58387
63695
59226
57968
58178
64324
63556
63555
63485
58247
22629
30451
73821
62437
64045
61949
53778
62717
63206
62718
62158
63765
62927
63974
22139
40717
63346
56222
55873
48330
55943
56432
56082
51892
66139
55872
56012
56362
48190
55873
55803
62927
55663
48260
55523
55663
47981
55873
55663
53149
65930
62298
61670
61181
62159
61879
55593
61670
55664
62158
56222
56013
61879
59435
55943
56153
61111
61110
55593
55803
55733
60552
47213
20254
61740
41346
40228
59784
51193
59365
54267
71937
59156
54546
54267
54126
54406
58876
59714
54127
60133
59434
59295
21162
59505
30171
60692
59924
59505
60063
22000
55593
55663
21720
66349
41695
56362
55524
60273
66628
60412
56851
55663
55663
60413
60273
59853
55803
59505
55663
55524
55523
55454
55524
65511
61320
54057
52590
58317
58737
57409
59295
53009
57689
57828
58597
58527
58457
67327
52870
58457
58387
57828
58038
53149
57130
57549
58177
57688
58596
52799
58038
58387
57898
52870
58527
57479
55872
52940
52939
52381
52171
52521
52450
52521
52660
52799
52730
52799
53079
53149
57759
57689
52381
56362
56292
69980
55593
54476
54266
54057
54895
54266
55594
49307
54546
54965
55314
54755
49447
55593
54476
49377
49028
66488
53917
53638
71238
49377
54825
49378
54686
53638
54686
53778
55104
55104
54615
54546
49098
55105
54685
54895
53778
49168
55174
53988
54407
53428
53987
49587
54196
54337
56082
56711
49238
49518
46305
46864
50774
46654
46654
52800
53778
18578
18647
18648
17251
46793
55314
46794
46514
17111
46375
46514
46793
63625
51333
54267
46584
46584
50286
48260
51263
46514
62997
56362
51403
50635
56292
46653
47212
68863
50984
46374
46095
46165
46026
47003
50845
46375
46026
49796
50565
46095
46095
48260
48888
49797
45606
45467
45397
45257
45117
50215
55035
49238
50285
58877
50006
49378
45117
49378
45536
49518
49727
49448
44768
49029
45117
50356
45048
49308
49517
44698
49587
49098
49098
44908
45257
49448
49727
49098
49168
45047
49028
49448
47003
49308
44698
44908
45746
44768
49796
49517
49657
49378
59155
47073
43302
48051
46514
46305
41764
46095
42044
47143
46095
46444
45537
41765
46933
46235
45536
46514
42743
46654
46933
46096
41765
47003
42323
46793
46933
46235
46095
42742
46514
45676
46514
45676
46095
46444
46304
41765
45815
46095
41835
46863
41974
46165
46724
45886
46863
46374
46235
41835
40647
42254
42184
57479
45047
42253
42114
42813
55105
42743
42394
45397
46444
45816
42254
43022
42603
45397
42673
45327
45606
45537
45118
45537
42114
42114
126691
40508
40648
40508
40648
40438
44838
40438
44628
56852
44768
44629
43930
44210
44000
54965
40438
40857
40648
44349
40508
40578
40787
35130
43860
59994
39530
43441
43022
40019
43721
42672
39670
42463
42673
43441
42603
39949
39600
43231
39180
42673
43650
39181
39251
39251
39181
39251
39181
39250
28426
39251
39250
39181
39460
39181
37155
50076
42324
39251
42603
42464
42323
42533
41974
41905
42253
42812
42533
43511
14597
39320
42533
34013
40787
49727
32755
35479
40717
50495
41067
37504
40997
40788
51403
40787
37504
40717
40927
40788
40718
37365
41834
41834
40787
37435
41485
40717
51961
40787
37226
41555
37715
41276
40578
40927
40857
41136
40647
40787
41486
40997
40997
40717
37295
40507
40229
37923
37575
37504
37505
37295
37504
41695
40298
39251
39321
39949
39600
39600
36457
39599
36388
38902
36945
47353
36457
39740
39251
39320
51543
38972
39530
39949
67816
39461
65092
36318
36108
36038
35968
35968
36247
39949
39879
36317
36107
36108
36387
36178
36247
36527
36038
36596
45606
36177
36248
36527
37504
36457
36177
36317
36247
36038
35200
35339
37574
38134
37924
38133
35270
56292
38482
39041
36388
38762
35060
14178
14108
31847
35130
50216
38622
38902
34920
39530
14457
38482
31568
37645
34990
39670
34921
39321
34851
38412
34990
38901
39810
39460
35270
39111
38971
34572
49029
38831
37644
37504
38064
34431
39042
37784
42114
37644
33733
35130
32197
32267
33315
35968
32127
35549
35898
32616
35479
35829
35130
55174
32266
32546
32336
32546
35968
36527
35968
36317
35340
32266
35619
35549
32615
35898
32196
36108
34851
35270
32127
35968
36597
32337
34991
32267
35758
35340
32476
36387
35759
32337
36107
35968
35689
44070
56851
32127
31359
31079
31358
31079
31080
31218
31498
31498
31358
31289
31149
31917
31429
31289
31359
32127
31708
34781
34152
34502
35060
34710
34711
34781
35479
34920
34781
34850
34571
34222
34501
34851
34153
32127
32057
35689
34571
31848
34501
34850
35270
34711
34991
31918
34571
34082
34642
34641
34641
34501
32895
28426
32336
31987
28635
31777
31638
31638
28705
31359
31987
33175
33105
32336
29613
32266
32895
32267
31778
28705
62997
32965
32545
28356
31358
31847
28564
33244
28286
31778
28355
31638
31847
31918
33034
28355
32197
31499
31987
31358
31568
31498
32267
31848
31568
31288
31917
28216
28356
28635
27308
25841
26120
9988
25771
25841
25911
22419
25981
25772
25701
22349
25771
25702
22350
25701
25772
22629
34921
25981
25772
22419
25980
25772
25841
25771
25841
25771
22768
25911
22419
22419
25771
25702
25772
22419
25842
25842
25771
25841
21022
20952
21092
25841
25771
25702
25702
25981
33943
22349
25422
25422
25632
25561
25212
25352
25422
25282
25562
25283
25283
25352
25352
25352
22489
25562
25353
25422
25352
22419
25352
22209
22000
25631
25422
25423
21930
22000
22070
22000
25562
22000
21930
22000
25352
25352
25422
25283
25282
25283
25283
22000
22210
21930
25283
25213
25213
25283
22069
25283
24235
24096
41137
23885
20673
23815
23885
23885
22280
23885
34781
20742
23816
23955
24584
23956
23886
33384
23886
23885
23885
23885
23886
23816
23886
23816
23885
23885
23746
23956
24444
24444
20812
24025
21022
23816
24096
20883
36596
23815
23885
23886
24165
24165
20743
33943
23955
24165
21232
24165
23396
22978
22978
23047
23606
23676
23606
23606
23676
23816
20534
23676
23886
23676
23676
23606
20533
23816
21092
20534
20533
23746
23886
23606
23606
14946
23676
23606
23676
23537
21232
20463
23676
23676
20323
22279
23117
25771
23327
26260
25422
23187
24515
23327
23327
23047
22907
23118
23257
23187
22699
22349
22210
22140
24933
24864
24724
24654
22210
22070
24584
24584
22000
25073
22209
22419
22000
22070
22000
22070
24863
22629
22489
32267
24654
22210
22140
23257
22139
24653
22070
22000
22140
24444
22000
24863
22419
25073
22210
24514
22279
22070
24444
22280
22140
24724
22279
24235
22000
22140
23676
24235
21162
23327
24374
23816
23955
21023
21162
21162
21162
21231
21162
21511
21301
21930
21231
38343
21441
21232
21301
23816
24165
23606
24096
24164
21302
21231
8311
21162
24025
21441
21371
20952
18438
23467
23676
24304
23466
35549
23606
21231
23467
23746
21092
23467
24165
23677
24304
24165
20394
22628
20254
23327
23187
20393
22629
20533
20254
21441
20393
20254
20603
20603
20324
20324
22698
23885
23187
22838
20254
23956
24095
23676
20463
20323
20394
20254
14737
14876
20254
20254
23118
23327
21371
22838
30661
22419
32127
22699
22628
22489
22489
22419
22000
20393
22488
23257
20324
22349
21372
21232
20324
21860
19556
19695
19345
21371
19416
19416
19346
19485
19345
19416
19625
22070
21650
21930
21791
21790
22070
21441
21580
21650
19486
33175
21372
21301
21162
33175
21092
21372
21511
21301
21231
21301
33105
19625
19695
19626
19626
19696
19625
20184
19904
19695
19835
19765
19486
19625
18578
18997
19206
18298
18717
18578
18857
18368
18368
18298
18368
18368
18648
20533
21511
18577
20464
21511
20673
20393
20463
18438
20952
20742
20742
20743
21022
18508
18368
20184
19904
21162
19137
20534
18508
20393
20114
20184
18438
20742
20254
20184
20882
18508
20464
20254
18368
20603
18508
20254
17880
17879
17950
19765
17600
20114
17880
19835
19695
18369
19625
19555
19415
17670
19206
17810
29054
19067
17670
19206
17530
19765
17809
17810
19276
19696
19136
19346
17460
20114
17600
19136
19206
17670
17600
20115
19206
17530
19416
19136
19276
19765
26469
19416
17530
19277
19625
19486
19136
18996
16902
18228
18229
18438
18647
18368
18438
18438
18438
18508
16971
19137
18996
18647
18508
18718
18857
18717
18718
18787
18368
18369
18717
18508
19136
19137
18927
18717
18508
18648
18578
18926
18857
18717
18926
18927
16971
16762
16832
18787
16761
18717
18298
16762
18438
18857
18438
16971
16832
16971
16273
16133
16064
16063
16063
6426
6426
6984
16063
15924
15994
10756
10685
10826
16064
15994
15994
16203
15924
16273
15993
13968
15994
16063
13968
15924
16204
16343
16064
16133
15993
18158
17740
27378
17600
18089
18159
15994
17251
17739
18019
15993
17670
17041
17809
16133
17111
15994
15854
16064
15365
15226
15225
15435
15714
15365
17600
17391
16831
15575
15435
15296
16971
15295
15225
15505
15435
15365
15295
15365
15156
15225
15505
15435
15295
15295
16622
16552
17809
15225
15365
15225
23047
15225
15225
15225
15226
15365
15435
15155
15226
15575
15575
15295
15295
15156
15295
15226
15155
15225
6007
14667
14527
14457
14527
12711
14527
14667
12711
14527
14457
14526
14667
14667
14597
14458
15085
14737
14597
14108
15645
14667
15924
16412
14666
16063
14597
14527
15924
14597
14806
16273
14666
16273
14806
16203
14666
16064
14666
22768
6565
14666
15994
14596
14667
15854
14666
15993
12712
15924
15644
13898
13758
15155
14457
14038
13829
15505
16063
15435
15854
15645
13898
15434
15086
13968
15784
15924
14108
14248
16133
13969
15435
16133
15156
15225
16203
14177
15156
15505
13899
15086
16133
13968
15365
15365
14946
13829
13828
13758
15015
15086
14736
15015
13968
13829
14178
13969
13828
13759
14666
13200
14457
13199
13339
13339
13060
14596
13339
15085
15225
15016
14317
13339
13130
13409
13200
13270
13060
13339
13270
14736
15295
14666
12990
12502
13899
14736
13689
14946
13270
13269
13270
13339
13339
14737
13130
13409
13759
13409
13480
102945
14807
14317
14319
13549
13270
15225
14457
14667
13619
13829
12432
13409
12431
13409
12362
13549
12362
12571
12223
12502
12432
12362
13689
13619
13409
12292
13968
13479
12432
13759
12292
13409
12362
14387
13409
13619
14387
12362
12152
12431
12222
14457
13200
13130
13200
12362
13200
12082
12083
12222
13410
13340
13339
12362
13270
12362
13270
12432
13549
12781
12921
12082
11663
12850
11594
11593
13130
12711
12571
12781
12502
11663
12362
11664
13549
12991
11733
12153
13130
11734
12990
11664
13759
13200
12991
11734
12781
11873
11524
9987
13270
12850
12571
13061
12013
12991
11594
12851
13619
12641
12711
11733
12711
11804
12711
12781
22838
12432
12781
11175
11245
12850
12222
11035
12501
12222
11245
12013
12292
11035
12501
12292
12152
12362
12292
9499
12152
12572
11035
10965
11523
10965
9568
12920
11733
12361
9638
11734
12222
26121
9499
12222
9429
12013
12222
12781
11943
10965
12642
12292
11873
12152
9359
11873
11804
10407
12362
11943
11384
11105
11384
10336
10895
9918
11035
10826
11384
10966
11245
11174
11105
11175
10965
11105
11105
11174
11035
10965
9987
11523
11035
11663
10406
8800
8590
3841
8730
8591
8591
7612
7542
7612
10057
8800
7613
7613
7612
7822
8870
10058
8800
10057
7752
8799
8731
8940
8730
7613
8590
8311
8171
8171
8171
7194
8171
7334
7473
8311
10476
9428
10406
9778
10965
10476
8521
9428
10407
9219
9848
10546
10616
10616
9708
10615
9638
9917
10756
9848
10825
9638
9708
10546
9708
9708
9778
9848
10686
8660
9289
10686
8381
10546
10755
10965
9639
9708
9498
8311
8032
7752
7752
9219
9149
9149
10057
10127
9149
10267
9080
9079
9079
9010
9079
9149
8939
8870
8940
9010
9009
8940
7683
7612
9918
9219
9079
9917
9079
9079
9917
9987
9987
9708
9778
9568
7962
9568
10197
9149
9917
9848
9080
9847
10476
9289
9080
8940
9009
8940
9638
9848
8450
7404
7193
7124
7054
8381
7264
7333
8451
7543
9428
9289
9289
8660
8591
8521
8451
8660
8660
8520
8660
8660
8520
8451
8451
7194
7264
9288
8660
9358
8661
8521
9359
8591
8590
10057
8521
9429
9429
8380
8660
9219
9638
8869
8381
8660
8450
8520
8171
8101
8172
8101
8311
8800
9499
8032
8172
8101
8940
7962
8730
8870
8870
8869
9219
8800
8032
8660
9219
8171
8171
8171
8520
7961
7892
8172
8171
8939
8870
8730
8940
8102
8870
9080
8730
8940
9080
9289
9080
9009
8940
3841
4051
4261
3632
8590
3841
8940
3562
4540
8381
4679
8660
7613
7683
7682
7822
4121
6286
6355
7892
7543
3701
3702
3702
3283
3282
4609
4191
4679
9149
7473
8521
5169
8870
5867
3282
8590
7403
6774
8311
3283
8451
7542
7333
8172
8590
7543
7683
3283
7473
25422
3353
7962
3283
3702
5098
5098
6984
8031
7473
6076
6844
6774
5797
6146
5797
5796
5797
5937
4400
4400
5727
5727
5727
5028
5028
5658
5867
5098
5029
5098
5727
5797
5727
5099
5657
5657
5029
5098
5726
5657
5657
5657
5657
5657
8241
7123
7054
7054
6844
6914
6914
6844
6984
7054
6844
6845
5727
6426
5587
6146
6146
6426
6216
5448
6146
5448
6146
5448
6215
6146
6146
6146
6076
6146
5378
6216
6146
6146
6076
6146
6146
5448
6216
6286
6146
7961
3143
3213
6565
3003
7333
7263
7263
6914
6425
6426
7054
7054
7053
7263
7193
6914
7194
7124
6425
7543
6146
18159
6914
6705
7054
6914
5937
6775
5797
2794
2724
6495
6007
6704
5657
6146
6216
5937
6425
6496
5657
5797
6006
6146
6565
5796
6425
5797
5867
5797
6426
6844
6705
6705
6076
6355
5867
6705
6146
5866
6285
6705
157911
5797
6146
7054
6704
6006
6565
6565
5937
6076
5867
5448
5448
5937
5377
5238
5937
5936
5867
5936
5657
5657
5377
5308
5518
5448
6007
5518
5517
6077
6007
5517
6286
6006
5377
5518
5308
6006
6007
5238
5169
5308
6076
5378
5238
5238
5308
5937
5587
6006
5517
6215
5936
5517
5447
5657
5587
5517
4610
4330
4679
4190
4679
5099
5378
5028
4261
5168
4540
4889
4330
4330
4330
4330
3981
4051
3981
4051
4051
4051
4819
2026
2374
4610
4679
2724
4959
3911
4330
3841
5518
4819
4191
4749
4749
4330
4749
5168
5098
4959
4679
4889
4261
4680
4190
4819
4679
4260
4819
4540
4958
4750
5238
4679
4540
4610
4051
5238
5028
4819
15155
4679
4470
4750
4400
3771
4540
5517
4679
2165
4749
5029
2794
4679
3492
3980
5099
3912
4609
4610
4470
4120
4330
4400
5168
4610
4540
4400
4470
4958
4750
3981
4539
4749
4679
3911
3841
4330
3911
3981
4191
3632
4121
3352
3492
4120
3492
3492
3422
4190
4051
4051
4330
3283
3353
3282
3702
3562
3492
4121
4190
4051
3353
3352
3912
4051
3981
4750
3701
3352
3701
3352
3492
3492
3352
3422
3352
3632
3632
3911
3842
3492
3632
3422
3353
3562
3562
3492
3492
3492
3911
3492
3771
3562
4330
3771
3771
3282
3701
4889
3841
3213
4400
3981
4051
3981
3842
3283
3771
3422
3492
4120
3841
3562
3562
3841
4260
3352
4539
3423
3701
4120
3981
4749
3771
3841
3911
3631
4470
3213
3631
3003
4331
3842
3213
3701
4330
3283
3911
3562
3772
2794
3212
3422
3213
2794
3283
3841
3772
3562
3352
2794
3352
3352
2025
4260
2863
3282
2863
3352
2724
2863
3213
1607
1676
1466
2654
2235
3422
3422
2863
2654
3143
3143
3143
3213
2724
2444
3283
2933
3143
3213
3213
3212
3143
3212
3283
3143
3492
3073
2864
2863
2514
3143
2864
2445
2165
2445
2444
2514
2235
3143
2375
2515
2445
2444
2165
2375
2794
2794
2724
2514
2794
2375
2933
3213
3003
3073
3911
3353
3423
3212
3143
2864
2794
2864
2934
3143
2864
3003
2514
2793
3073
2514
2514
2444
2374
2374
3423
2933
2584
2863
2794
2305
2654
2933
3073
2235
2584
2863
2654
2724
2724
2584
2235
2514
2654
2584
2585
2584
2514
2584
2584
2654
2724
2864
2724
2444
2794
2444
2584
2654
2933
2514
2794
2793
2584
2584
2165
2584
14876
2166
2794
2584
2515
2584
2793
2654
2794
2584
2374
2374
2584
2514
2444
2375
2584
2235
2235
2864
2584
2723
2374
2794
2723
2515
2863
2724
2514
2375
2026
2584
2375
2375
2305
2305
2235
2305
1955
2375
1955
2444
2444
2515
2304
1886
1886
2305
2374
2794
2514
2584
2305
2165
2514
2514
1956
1956
2585
2305
2095
2235
2096
2095
2165
2305
2375
2165
2095
2095
2375
1677
2166
2095
2165
2165
2026
2165
2025
2235
1746
2025
2165
2095
2095
2095
2096
2096
2374
2305
2165
1816
2235
2375
1746
2794
2444
1815
2095
2235
2235
2305
2025
2863
2514
1886
2235
1746
2514
2165
1816
1537
1467
2096
1955
2444
1955
2096
2235
1955
1955
1956
2096
1466
2026
2165
2095
2165
1816
2095
2025
1816
2025
1956
1886
1956
1955
1885
2235
2515
2374
2165
1606
2515
2934
1746
1606
2654
2514
1746
2095
1885
1746
1956
1886
1955
1885
2025
2514
1746
2095
1885
1396
1746
1746
1676
2304
1537
1397
1746
1327
2165
1606
1816
1746
1955
1676
1815
2025
2235
1816
1816
1746
1396
1676
2165
1536
1815
1816
1607
2235
2305
2235
1955
1885
2305
1956
1746
2166
1815
1886
2165
1886
2165
1676
1606
1886
1886
2095
1746
1676
2235
1816
1607
1676
1606
1537
1467
1537
1607
1606
1536
1676
1467
2235
2235
1885
1746
1816
1746
1188
1676
1677
1537
1188
1327
1257
1816
1188
1607
2165
1676
1815
1746
1606
1536
1606
1466
1257
1676
1536
1606
1607
1537
1607
1537
1607
1816
1815
2235
1606
1607
1467
1466
1257
1327
1327
1327
1047
1536
1257
1466
1467
1537
1327
1397
1397
1606
1327
1466
1327
1466
1606
1327
1397
1397
1327
1396
1466
1327
1118
1536
1467
1536
1536
1467
1048
1676
1536
1466
1467
1677
1397
1467
1327
1397
1397
1397
1607
1537
1396
1397
1327
1327
978
978
908
1187
1537
1397
1048
1257
907
1537
1327
1397
1327
1257
1327
1047
1118
1397
1536
1188
1257
1327
977
2724
1955
908
768
1537
1327
908
1257
1188
908
1118
1257
1467
1955
1606
1396
1118
2304
1467
1466
1397
1676
1397
1327
1467
1397
1258
1118
1187
1187
1746
1536
1467
1466
978
1048
908
1327
1118
1327
1188
1537
1187
1187
1048
908
1187
1188
1327
1397
1327
1188
1187
1327
1188
1397
978
838
1187
1327
1258
1257
1327
1397
1118
1188
1397
1187
1327
1467
1188
1397
1257
1257
1188
1257
1257
1118
1118
1048
1047
978
1397
1048
1188
1257
838
1117
1397
1048
838
1187
1188
768
1047
698
1118
978
1048
1048
1327
838
1047
978
1257
1118
768
1118
1117
1118
1117
699
12012
978
1048
977
977
978
1047
698
908
1258
