1676
1117
908
838
699
768
698
699
629
838
698
768
769
768
699
698
698
698
698
698
908
908
698
838
698
769
908
768
768
769
699
7473
908
768
698
769
768
698
699
628
908
699
768
838
699
768
838
698
699
698
908
698
839
769
908
908
6146
768
978
839
698
699
908
838
908
908
908
698
768
769
768
698
698
698
698
769
628
629
698
629
628
699
699
699
6216
628
629
699
699
699
699
698
699
907
908
908
908
908
908
768
1048
1048
838
768
1047
1047
908
908
1048
978
1047
978
838
838
1047
1117
977
978
908
1048
978
908
768
769
978
977
838
768
838
838
978
978
978
1047
978
768
838
699
977
1048
1047
978
768
769
1118
978
978
1048
768
768
838
1047
978
977
908
978
1047
698
838
838
1047
908
978
908
839
5936
908
838
698
908
908
768
908
838
908
768
769
769
698
629
699
699
699
699
698
698
698
699
629
699
629
908
908
908
768
768
698
629
908
699
908
838
699
768
978
768
698
699
699
698
838
768
838
838
699
978
977
908
908
1047
838
768
1047
977
908
838
978
838
769
1048
978
908
768
838
838
908
838
768
908
978
977
908
977
908
1257
977
908
838
908
977
1048
838
1048
1048
6705
908
908
838
978
768
978
838
698
1187
769
838
769
629
1187
978
768
769
628
698
908
838
768
699
768
908
838
908
838
907
838
698
908
9149
838
838
978
978
838
908
978
838
698
699
839
907
908
978
838
768
977
908
698
1047
978
978
838
768
1048
908
839
978
1048
838
838
769
978
1047
768
838
838
1048
838
838
768
1047
768
838
769
838
768
838
1047
1048
838
768
978
838
768
978
1048
908
908
838
978
978
838
6635
768
977
977
908
769
908
768
908
698
698
698
699
907
768
768
698
908
698
698
908
908
1188
838
978
838
838
908
768
768
7613
838
908
768
768
698
978
908
768
768
699
908
698
908
908
769
699
908
768
978
839
1048
978
978
1117
1047
978
769
838
1048
978
1047
1117
1048
1048
1048
907
1048
978
978
908
769
769
1048
1048
977
768
699
768
1048
838
1048
908
838
1118
978
838
1048
908
1048
838
978
1118
978
908
838
769
629
1047
1048
1047
908
1047
1117
1048
908
1048
978
768
698
699
1047
978
978
978
698
908
7752
908
977
978
908
838
1047
978
1048
977
908
1048
907
908
978
838
769
1048
978
838
838
977
977
838
838
1048
908
908
1048
6425
838
1048
1048
1118
908
1047
838
1118
1117
1118
977
908
838
1117
1048
768
768
1187
1047
1118
977
908
768
1117
838
838
1187
978
838
838
1048
908
978
978
978
977
978
978
768
768
838
1047
768
1048
908
768
699
908
838
838
1047
1048
978
838
908
839
908
978
978
839
908
908
838
698
768
698
978
839
978
838
908
838
698
699
699
5587
768
978
908
768
838
838
768
698
838
908
769
908
978
838
908
838
768
978
769
908
838
768
768
768
698
699
1187
1117
1187
1117
838
698
768
768
1117
1257
1117
1048
1188
1118
1117
977
1118
1117
1048
908
1118
1118
1118
1047
838
977
978
977
1048
1048
908
769
768
838
1117
908
1048
978
977
838
978
908
978
1117
1048
1047
908
838
769
768
838
908
838
838
1327
5867
768
698
908
838
978
977
907
838
978
978
768
1187
768
698
1047
698
698
908
838
768
768
908
838
908
1187
6984
768
768
768
769
768
768
908
977
908
908
1047
977
838
908
908
838
978
838
1187
1187
1188
1048
1048
1048
838
769
768
838
978
1048
838
838
838
838
908
838
1187
1117
1257
1117
838
907
1257
1187
1257
1117
908
838
1258
1047
1257
1257
1397
1188
1117
1257
1047
1118
838
1257
1048
977
1188
1117
1118
978
908
1187
1048
1117
768
1048
978
839
699
768
907
838
7613
907
698
768
698
978
908
768
768
908
768
768
768
908
838
698
768
908
768
769
908
908
839
838
768
768
768
628
698
908
6565
768
698
698
908
908
908
768
698
698
1257
978
1188
978
769
1047
1187
978
977
1117
1047
1117
978
1118
1118
1118
1117
1118
768
838
1118
978
1117
1257
1187
1257
1117
978
978
1118
1048
1048
908
978
978
908
839
978
1048
838
839
838
768
768
838
838
838
1048
978
1047
978
1048
977
978
1048
908
907
1048
978
978
768
768
838
908
768
908
768
698
699
698
628
1187
629
698
699
698
769
698
698
908
6355
838
699
699
908
908
699
628
978
838
908
908
769
838
838
698
769
908
768
978
1187
1047
1118
978
1606
1466
978
1048
1188
1187
1187
1257
1188
1187
1047
1048
908
1048
1117
978
908
908
1047
908
908
838
699
978
838
768
1048
768
699
768
699
768
838
839
768
1047
908
838
978
768
907
838
908
978
908
838
977
838
838
839
698
698
1048
908
978
768
7962
1048
978
1047
1048
1047
1047
978
978
908
978
838
838
1048
1047
1048
1047
978
908
1257
1047
977
908
908
1048
978
978
1048
1048
908
7752
1047
1048
908
1047
977
1048
1048
978
838
1746
1258
1327
1327
1257
1188
1258
1257
1187
1117
908
1047
1117
1257
1187
1188
1118
908
1327
1257
1257
1257
1188
1258
1117
908
1117
908
908
908
1187
978
1117
908
908
1047
768
838
838
838
1117
1047
1117
1118
1047
908
838
978
908
1118
1117
1048
1047
977
1118
768
1048
1047
1048
838
1047
1048
768
1048
1047
7053
908
908
838
838
769
768
908
698
698
908
698
769
838
699
768
908
908
698
698
838
768
768
769
977
839
908
908
838
768
7473
908
838
768
908
1466
1536
1467
1187
1536
1536
1467
1327
1467
1677
1467
1327
1117
1118
1467
1536
1327
1536
1327
1048
1257
978
1397
1397
1327
1117
1257
1187
1117
1048
1117
908
1327
1187
1257
1117
978
1187
1188
1257
1187
1048
908
1188
1047
1187
907
1258
1187
908
908
838
838
908
1187
1188
1187
1118
1187
1048
1048
977
1188
1118
1187
1048
838
1187
1117
1187
1257
1117
908
1118
838
908
908
6076
1327
978
838
768
838
1117
1117
1117
769
908
1118
1118
1117
1117
1117
1117
1048
1118
1048
769
1118
1117
1397
1467
1536
1257
1397
1047
1187
1397
1467
1187
1397
1327
1327
1257
1257
908
978
908
769
769
1047
1048
838
768
1118
1047
1048
768
838
838
978
978
978
1118
838
908
769
838
838
838
768
838
768
698
768
768
839
768
768
768
768
838
768
908
978
978
978
769
768
769
1048
6356
838
838
769
768
768
838
838
838
768
838
769
978
908
839
699
769
768
698
699
768
978
768
838
768
838
769
838
768
907
768
699
698
768
7612
908
908
768
628
1327
1397
1257
1397
1467
1257
1047
1397
1187
1257
1397
1397
1327
1187
1187
977
1327
1118
1187
1327
1327
1327
1396
1187
978
1397
1257
1187
908
1397
1327
1187
1327
1257
908
1327
1327
1188
908
1187
838
978
908
1048
1187
1118
908
768
838
698
768
1047
1187
1188
1188
838
1048
768
1048
768
699
768
698
768
698
838
838
8101
769
978
978
838
768
628
768
699
698
768
5937
629
698
768
699
699
768
628
699
769
977
908
838
978
908
838
1047
908
838
768
769
978
1257
1397
1467
1327
1397
1118
1117
1327
1327
1118
1327
1118
1118
1118
1397
1397
1257
1187
1327
1327
1187
1118
1117
978
1188
1117
838
908
978
1118
978
978
838
769
838
908
768
977
838
908
838
978
977
1257
769
1048
1048
978
978
908
977
1048
768
768
908
768
6077
908
978
699
698
698
699
698
629
698
698
769
629
768
698
698
698
699
699
698
1048
698
768
698
699
628
908
768
5867
768
699
698
698
698
698
698
699
629
768
699
698
698
628
698
1467
1397
1327
1397
1396
1467
1537
1537
1536
1397
1047
1048
1257
1327
1537
1537
1466
1466
1466
1187
1188
1327
1047
1047
1117
1257
1117
1047
1048
1047
977
1047
1187
1118
1118
1048
1397
1047
1047
1118
1118
978
1327
1257
1258
977
978
1257
1047
908
838
768
769
838
1117
838
838
908
19136
839
838
838
838
1118
1117
6076
838
838
838
908
769
1117
1117
1118
978
1048
1047
1047
1047
1047
838
698
699
838
838
768
838
768
838
768
838
768
768
6076
839
768
768
1047
1047
908
1397
1397
1327
1396
1397
1257
10267
1257
1327
1117
1187
1466
1396
1396
1466
1327
1187
1187
1257
1327
1257
1047
908
1048
1257
1047
1048
1047
1048
908
908
908
1048
978
978
838
768
978
769
838
838
1117
1187
978
1047
1118
1117
908
908
838
768
838
908
768
768
769
838
768
768
768
768
768
838
768
1118
1187
978
1047
908
6915
838
1047
838
838
1047
1258
768
769
699
768
699
978
838
838
838
838
699
698
698
698
698
698
6077
768
838
698
698
699
699
699
1676
1467
1466
1397
1537
1257
1257
1257
1327
1117
1118
1257
1676
1467
2025
1607
1187
1396
1466
1397
1467
977
908
1118
1048
1048
908
1047
1187
1188
1118
1187
1117
1117
1536
1047
1048
1187
978
1397
1257
1257
1397
1396
978
1327
838
1047
1047
1257
1187
977
1047
978
978
838
1047
908
1327
1327
1257
1327
1187
977
1257
1118
6216
1047
1327
1187
1187
1117
1118
838
977
978
978
978
1327
1257
1327
1118
1118
838
838
769
838
768
1188
1048
1048
1118
1117
978
977
838
1118
1048
1117
6634
1677
1816
1816
1816
1676
1676
1746
1397
1188
1118
908
1117
1117
1257
1397
1467
1327
1187
1117
1118
1118
1118
1117
1048
1048
1047
1047
1048
1257
1048
1048
1047
978
977
1047
978
1118
1466
1257
1188
1257
1188
1187
978
1188
1257
978
978
978
1187
908
1257
1258
1187
1117
1187
1258
1257
1187
1188
1118
1257
1187
1258
1327
1536
1327
1187
1327
908
769
908
768
838
908
978
908
1187
977
1118
977
3492
838
838
1118
978
1118
1047
1117
978
1118
978
908
977
1118
1047
978
908
908
908
1746
1816
1676
1746
1676
1886
1676
1537
1606
1816
1746
1746
1606
1746
1677
1537
1397
1257
1397
1746
1677
1606
1466
1257
1676
1607
1467
1676
1607
1467
1397
1257
1397
1117
1187
1536
1397
1466
1396
1536
1467
1397
1466
1536
1537
1187
1397
1327
977
977
978
908
978
1396
1327
1257
1258
908
908
1257
1746
1117
1117
977
1257
1257
6285
1117
838
838
838
978
1257
1257
1117
1048
1257
1047
978
1257
1257
1118
1117
908
838
1187
1048
908
978
978
6426
908
908
1257
1187
1118
908
1257
978
978
1746
1676
1676
1537
1885
1536
1607
1536
1607
1955
1746
1676
1397
1537
1607
1536
1606
1397
1397
1188
1118
1327
1397
1048
1537
1466
1397
1117
1048
1536
1467
1467
1396
1257
1327
1327
1327
1118
1047
1047
1117
1047
838
1258
1188
1258
1187
1327
1117
978
1257
1327
1327
1257
1187
1047
1187
1117
1047
1187
1047
1047
1187
1188
1118
1048
838
838
838
768
1117
1048
1117
908
1117
7822
1187
978
1327
1187
1117
1188
1188
1188
1117
1048
838
838
1187
1187
1048
1187
1047
1048
1327
1118
1117
1117
838
978
1746
1885
1816
1886
1886
1816
1885
1746
1956
1746
1816
1187
1188
1816
1746
1746
1746
1606
1816
1746
1815
1746
1816
1676
1815
2096
1746
1676
1606
1676
1327
1606
1536
1327
1048
1117
1467
1537
1466
1257
1467
1257
1397
6356
1467
1397
1397
1467
1327
1537
1397
1327
1187
1117
1117
1118
1397
1466
1187
1187
1257
839
908
908
907
769
1537
768
1117
1048
1118
1118
1117
907
908
838
769
838
6077
1327
1257
769
768
838
908
1118
908
977
1117
1048
1047
908
1048
1117
1117
11174
1048
1048
1118
1117
1816
1746
1886
2026
1956
1816
1815
1885
1956
1886
1886
1886
1676
1816
1676
1536
1606
1396
1746
1606
1746
1746
1676
1676
1676
1746
1606
1955
1746
1676
1606
1536
1606
1397
1257
1606
1466
1397
1257
1606
1537
1606
1537
1327
1327
1187
1396
1397
1327
6426
1257
1257
1187
1118
1187
978
1118
768
768
1117
1188
1117
978
908
1187
1188
1117
1117
1117
978
839
1118
1118
1118
838
1047
1117
978
978
6774
838
768
1048
1118
978
768
1048
1047
908
1048
978
1047
908
838
908
838
1048
908
1187
768
2025
1885
1885
1676
1955
1676
1676
1886
1886
1816
1606
1606
1886
1746
1746
1676
1885
1676
1746
1467
1676
1327
1396
1816
1816
1746
1885
1816
1676
1677
1607
1746
1606
1746
1536
1537
1746
1676
1397
1257
1606
1677
1676
1537
1327
1327
1537
1746
1607
1397
1467
1536
1886
1816
1327
1537
2025
1606
3842
1467
1466
1467
1397
1467
978
1047
1536
1047
1397
1467
1327
1397
1466
978
1467
1466
1466
1536
1536
1047
1257
1258
7752
1258
978
1397
1258
1117
1047
908
908
908
908
1327
1327
1397
1397
1187
1048
978
1816
1816
1327
1956
1955
1955
2026
1606
1886
1886
2026
1955
1536
1606
1885
1746
1886
1607
1397
1467
1816
1746
1816
1816
1676
1676
1537
1397
1397
1187
978
1466
1396
1467
1327
1188
1467
1537
1467
1537
1677
1536
1467
1467
1536
1537
1537
1606
1537
1466
1118
1397
1257
1257
1397
1327
1466
1327
1257
1537
1327
7962
1327
1536
1327
1257
1327
1257
1327
1537
1327
1327
1257
1187
1327
1117
1117
1327
1396
1048
1257
1187
1257
1187
838
978
908
838
907
908
7124
1257
1327
1257
908
978
908
1187
1048
1118
2025
2096
2025
2165
2026
1955
2096
2095
2026
2025
1956
1955
2025
1956
1816
1816
1885
1676
1397
1396
1816
1397
1257
1258
1467
1677
1466
1606
1537
1466
1536
1397
1397
1607
1327
1606
1467
978
978
978
838
977
1327
978
978
1118
1397
908
1536
1396
1258
908
1536
1327
1467
1466
908
1187
1187
1327
1327
1327
1257
1257
1327
1187
1117
1118
6775
1048
1187
1257
1187
1118
1188
1048
1187
1188
1187
1118
978
839
908
839
908
1187
1117
908
908
839
838
908
1257
838
7962
1188
1397
1746
1118
1048
2026
2095
2305
2165
2304
2165
2026
1816
1746
1956
1747
2235
2026
2235
2096
2025
2165
2165
2095
2166
2165
1956
2235
2026
2235
2095
1955
2095
1955
1956
1746
2025
1816
1885
1956
1885
1815
1257
1816
1746
1816
1746
1956
1676
1746
1537
1467
1607
1467
1327
1327
1396
1676
1607
1327
1467
1606
1327
1467
1606
1955
1606
1327
1257
1676
1467
1537
8381
1606
1606
1536
1677
1606
1466
1327
1676
1606
1676
1536
1676
1607
1536
1606
1397
1397
1676
1467
1466
1816
1606
1606
1606
1606
1397
1397
1677
1607
1327
1607
1537
2235
1956
2096
2095
2305
1886
2165
1956
2025
1816
1607
1606
1956
1816
1816
1956
2025
1886
1886
1886
2025
1955
1886
1885
1676
1816
1537
1606
1956
1606
1327
1467
1397
1397
1397
1607
1956
1466
1466
1257
1607
1537
1397
1257
1397
1467
1257
1327
1117
1117
1187
1187
1118
1047
1048
1117
908
978
1048
1048
1187
6496
1187
1117
1257
1117
1117
1187
1048
977
978
1118
1048
1047
838
978
838
838
768
908
978
908
838
1047
908
838
698
1047
1117
978
838
6146
908
768
768
1117
1047
768
978
1048
2444
2375
2095
2165
2165
2026
1886
2095
2374
2025
2025
2095
2165
2095
2025
1956
2025
2026
1955
1886
1956
1746
1467
1467
1537
1396
1466
1327
1188
1257
1537
1536
1466
1815
1606
1607
1606
1606
1327
2095
1676
1607
1536
1536
1467
1257
1327
1467
1397
1466
1188
1187
1187
1117
1187
1187
1257
978
1118
908
978
768
977
977
908
6146
768
1048
978
1118
698
1048
838
908
908
699
978
977
978
838
838
838
838
978
1047
908
908
768
908
1327
907
838
768
768
978
908
908
838
908
7473
2375
2444
2444
2375
2445
2095
2304
2375
2235
2165
2096
2095
1955
1816
2305
2584
2374
2444
2584
2374
2444
2304
2305
2305
2235
2374
2235
2095
2095
1886
2095
1746
1676
1606
1606
2095
2095
1815
1537
1816
1955
1955
1746
1886
1885
1536
1746
1607
1746
1537
1746
1607
1606
1466
2165
1676
1677
1536
1327
1397
1327
1606
1606
1466
1327
1606
1606
1257
1676
1536
1397
1677
1536
1467
1397
1537
1537
2025
1257
8241
1536
1397
1258
1117
1536
1397
1607
1607
1327
1537
1397
1537
1467
1397
1537
1536
1606
1536
1257
1257
2723
2374
2235
2235
2724
2514
2584
2585
2515
2444
2515
2514
2514
2375
2305
2374
2305
2095
1886
1955
1886
2095
2025
2165
2095
2166
2165
1955
1885
2026
1885
1746
1886
1607
2026
1886
1955
1956
2025
2025
1886
1816
1607
1955
1746
1816
1537
1955
1746
1466
1466
1537
1537
1746
1536
1536
1467
1676
1537
1537
1537
1258
1327
1327
1327
1327
1397
1327
1258
1327
1467
8870
1397
1187
1117
1048
908
908
908
908
978
908
838
908
838
1118
1118
838
838
908
1118
1187
978
838
978
838
769
768
838
769
2584
2584
2235
2305
2584
2514
2584
2514
2515
2374
2584
2584
2375
2235
2444
2305
2445
2374
2375
2374
2165
2095
2305
2375
2095
2095
2025
2095
1956
1886
1606
1746
1467
1536
1537
1746
1676
1466
2025
1607
1606
1537
1536
1537
1607
1676
1466
1397
1466
1327
1118
1397
1257
1397
1397
8102
1327
1466
1396
1257
1327
1396
1257
1048
1187
1327
1397
1048
1467
1187
1327
1327
1257
1327
978
1257
1327
1327
1188
1117
1188
1048
1258
6635
1188
1257
838
838
1118
908
908
838
908
769
1117
977
1117
908
1188
1118
2305
2444
2374
2095
2374
2305
2165
2026
1955
2095
2095
1886
2165
2025
1955
1885
1466
1956
2095
1956
1885
1746
1816
1537
1955
1676
1537
1466
1886
1606
1467
1815
1885
1676
1676
1676
1537
1676
1816
1676
1606
1746
1397
1886
1606
1676
1816
1607
1607
1676
1746
1536
6425
1327
1257
1606
1327
1606
1606
1676
1536
1607
1676
1676
1466
1676
2165
1607
1536
1537
1606
1466
1397
1187
1118
1467
1606
1537
1397
1466
1606
1466
1397
1466
1257
1396
1327
8031
1396
1397
1397
1327
1117
1187
1047
1047
1397
1397
1187
1327
2864
2794
2375
2374
2374
2375
2514
2305
2025
2375
2235
2305
2235
2305
2165
2165
2165
2026
2025
1816
1746
2025
1886
2025
1816
2095
2095
2095
2026
2026
1885
1956
1956
1886
1885
1886
1886
1746
1606
1886
1676
1397
1746
1886
1606
1536
1677
1467
1606
1606
1466
1467
1467
1118
1466
1467
1397
1257
1326
1327
1257
1047
1048
1327
1188
1397
1257
1188
7962
1257
1397
1257
977
1188
1187
1187
1257
1187
1257
1117
1187
1257
1117
1257
1117
1257
1257
1257
1327
1117
978
908
838
838
838
1117
1187
1117
907
7752
2654
2584
2305
2304
2724
2515
2514
2444
2235
2025
2165
2514
2584
2584
2375
2445
2304
2304
2375
2305
2305
1467
1397
1677
2165
1956
2235
2095
1676
2235
2235
1886
1885
1816
1816
2165
2026
1677
1886
1816
1816
1816
1886
1677
1396
1816
1885
1816
1746
1746
1537
1466
1816
1677
1677
1606
1537
1606
1467
1816
1606
1816
1676
1746
1536
2305
1955
8451
1676
1607
1467
2095
2025
2096
1746
1676
1676
1606
1467
1466
1467
2095
1747
1746
1886
1746
1746
2095
2095
1816
1816
1816
1676
1816
6007
1606
1606
1537
1955
1537
2724
3282
3143
2515
2584
2514
2584
2514
2514
2514
2514
2305
2444
2305
2374
2375
2235
2444
2445
2444
2305
2305
2026
1746
1746
1746
2304
2165
2235
1886
2165
2095
2165
2025
2165
2026
1886
1886
1676
2025
2095
2165
2026
1955
1886
2095
1955
1816
1816
1886
1607
1606
1536
1677
1607
1397
1606
1118
1117
1117
1188
1188
1118
1187
1118
1396
1117
1118
1047
1047
1117
1327
1397
1397
8660
1327
1257
1257
1397
1327
1397
1676
1257
1048
1187
1257
1047
1047
1048
1047
1047
1047
1397
1397
1396
1397
1397
1396
1466
1397
2793
2864
2724
2654
2654
2724
11595
2304
2445
2724
2654
2305
2304
2584
2584
2514
2445
2165
2026
2514
2444
2305
2165
2165
2165
2095
2165
2305
2305
2305
2235
1955
2235
2375
2235
2096
2095
2095
2165
1886
2095
1746
1746
1467
1677
1537
1606
1536
1327
1467
1396
1396
1397
1257
1257
1257
1257
1047
908
7822
1117
1047
1187
1048
1118
1187
1188
1047
1118
1117
1048
1187
1118
1117
977
768
1118
1047
978
1048
1048
978
839
1048
1118
1117
1048
978
5587
1048
977
1048
977
1188
908
907
1048
1118
908
838
2724
2793
2514
2584
2724
2933
2863
2724
2724
2654
2444
2514
2654
2654
2585
2374
2584
2514
2584
2724
2444
2584
2514
2235
2374
2375
2724
2374
2305
2305
2514
2235
2375
2165
2374
2165
2095
2305
2235
2096
2305
2025
2095
2095
2375
1956
2026
2165
2095
1956
1816
2095
1816
1816
1886
1746
1676
1606
1746
1746
1606
7194
1467
1815
1746
1955
1676
1677
1746
1537
1327
1676
1537
1676
1537
1676
1607
1676
1676
1746
1536
1466
1677
1746
1466
1537
1536
1396
8171
1466
1536
1606
1467
1396
1536
1606
1746
1536
1327
1466
2654
2654
2514
2584
2305
2444
2444
2654
2584
2585
2514
2863
2724
2584
2584
2724
2584
2514
2514
2584
2305
2444
2444
2305
2304
2235
2166
1886
1886
1955
2305
2095
2375
2305
2374
2095
2235
1886
2165
2654
2026
2025
2026
1885
1816
1676
1746
1886
1816
1816
1746
1886
1886
1746
1816
1816
1955
1606
1746
1746
1746
1746
1746
1746
1746
1746
1676
1746
1746
1746
1607
1537
1467
6774
1676
1467
1746
1677
1746
1746
1606
1606
1467
1537
1746
1537
1676
1537
1536
1746
1747
1536
1467
1746
1746
1676
1746
1746
7263
1746
2793
2723
2375
2305
2305
2654
2723
2444
2514
2584
2515
2445
2514
2445
2445
2445
2235
2235
1886
2165
1816
2096
2095
1746
1747
2165
2095
2026
2025
2096
2026
2096
2025
2095
2165
2026
2096
2025
1955
2025
1886
1885
1886
1816
1886
1676
1327
1746
1676
1607
1676
1536
1746
1676
1467
1607
1467
1397
1676
1537
1607
1746
1676
1467
1187
1187
1187
1257
1466
1397
1327
1327
1188
1467
1327
2025
1257
1467
1327
1397
1327
1397
1327
6914
1117
1118
1118
1117
1048
1327
1397
1327
1327
1397
1117
1396
1397
1257
1397
1327
2864
2584
2794
2653
2584
2445
2374
2444
2305
2305
2584
2584
2724
2584
2654
2654
2584
2654
2654
2374
2445
2444
2514
2584
2585
2584
2305
2095
2095
2025
2165
1955
2026
1956
2095
2165
2305
2235
1955
2095
2095
2026
2165
2235
1955
1815
1956
1816
1816
1956
1886
1886
1746
1676
1607
1536
1396
6356
1397
1397
1397
1746
1606
1746
1676
1676
1746
1676
1607
1606
1676
1886
1676
1606
1536
1676
1537
1676
1606
1606
1466
1396
1607
1676
1606
1677
1466
1676
5727
1467
1607
1746
1607
1676
1606
1397
1327
1397
1607
1537
2724
2794
3352
2724
2514
2444
2654
2654
2375
2445
2165
2305
2584
2514
2514
2305
2166
2025
2165
2026
1956
2374
2375
2444
2305
2165
2166
2304
2235
2234
1955
1746
2374
2095
1956
1955
1885
1956
1746
1886
1886
1607
1816
1676
1676
1606
13689
1536
1467
1257
1188
978
1327
978
1047
1048
1188
908
1048
1047
1047
1118
1048
1117
1048
1117
1047
1117
7892
978
908
838
838
838
1117
1048
768
1047
978
977
907
1048
1048
907
908
768
1048
978
1047
978
1047
1047
978
978
1047
838
699
1047
908
6216
2723
2863
2934
3003
2933
3143
2723
3073
3073
2864
2584
2584
2514
3003
3003
2863
2794
2584
2864
2444
2794
2724
3003
2794
2654
2584
2584
2514
2584
2724
2654
2444
2374
2235
2165
2165
2235
2095
2096
2165
2096
2235
2026
1956
1886
1885
1746
1816
2514
1886
1956
1746
2305
1956
2095
1956
1677
1677
1746
1607
1677
1606
1607
1537
1816
1955
1467
1676
1746
8521
1607
1746
1816
1467
1607
1466
1606
1606
1676
1536
1536
1467
1537
1607
1536
1327
1257
1536
1466
1397
1327
1257
1187
1676
1118
1467
1396
1327
1327
8032
3003
2724
2863
2514
2445
2444
2864
2724
2794
2793
2794
2794
2514
2375
2584
2445
2584
2445
2444
2235
2235
2234
2235
2095
1956
2026
2095
2165
1886
1746
1816
1746
2026
2095
2095
1955
1955
1956
1746
1676
1816
1815
1885
1677
1886
1816
1886
1676
1746
1606
1816
1466
1607
1257
1187
1607
1537
1396
1257
1606
1606
1466
1397
1606
1537
1606
1607
1467
1327
1257
1606
1607
1606
1676
1467
1397
1467
1397
1257
1327
1466
1606
7124
1397
1466
1607
1396
1187
1047
1117
1397
1187
1047
978
1257
1327
1327
1746
977
1118
3003
3003
3003
2933
2934
2654
2584
2515
2305
2654
2933
2864
2584
2794
2654
2374
2654
2654
2724
2584
2584
2654
2654
2374
2444
2445
2305
2025
1956
1886
2095
2095
2165
1955
1816
1746
1467
1886
1816
1676
1676
1537
1467
1536
1816
1816
1886
1537
1746
1606
2235
1746
1676
1885
1606
1606
1466
1397
1816
1537
1537
1397
6356
1537
1536
1537
1606
1536
1606
1536
1537
1466
1327
1327
1257
1537
1536
1537
1607
1536
1536
1536
1467
1466
1467
1397
1467
1467
1257
1257
1187
1257
8032
1257
1117
1327
1257
1117
1048
1327
3003
2933
2794
2445
2864
2724
2864
2864
2793
2933
2724
2793
2794
2724
2514
2584
2584
2514
2584
2514
2584
2514
2235
2375
2165
2305
2375
2375
2235
2234
2235
2026
2165
2095
1955
1956
1815
1606
1886
1885
1606
1746
1466
1397
1327
1397
1327
1467
1396
1257
1467
1397
1327
1257
1327
1327
1257
1048
1327
1257
1467
1117
1187
838
1048
1257
1188
1187
1257
1117
1257
1258
7753
1327
1327
1257
1117
1047
1257
1327
1258
1187
1118
1257
1257
1187
1187
1257
1257
977
1327
1187
1257
1188
1187
978
908
1187
1117
1187
3143
3143
2933
2584
2864
2793
2724
2515
1816
14667
2864
2654
2515
2654
2584
2724
2515
2514
2305
2444
2584
2444
2444
2095
2445
2444
2374
2445
2165
2095
1955
2165
2095
2025
1816
1677
1676
2026
1955
1607
1956
1746
1746
1537
1327
1606
6565
1606
1536
1746
1746
1816
1466
1327
1537
1327
1537
1746
1467
1327
1537
1397
1467
1118
1257
1257
1188
1187
1187
1187
1257
1048
978
978
1187
1047
7752
1118
1187
977
978
977
1258
1257
1257
1258
1257
1187
1327
1746
1606
1537
1676
1257
1327
1327
1257
1187
1536
1257
3213
3073
2584
2794
2654
2584
2654
2584
2515
2654
2444
2514
2724
2584
2514
2514
2444
2445
2584
2305
2235
2235
2235
2165
2026
9987
2444
2374
1816
2095
2025
1956
1955
1886
1885
1886
1955
1816
1886
1746
1606
1467
1607
1746
1746
1746
1746
1746
1466
1467
1536
1537
1397
1466
1257
978
1118
1327
1048
1117
838
1117
1048
977
6286
908
768
769
768
977
768
1047
768
768
699
977
978
838
838
768
839
698
1048
838
838
978
699
908
699
769
908
908
698
908
908
698
838
768
699
6007
3213
3003
2933
2724
2933
2934
2723
2724
2724
2585
2584
2514
2375
2515
2514
2444
2165
2166
2444
2305
2165
2095
2165
1956
2095
1886
1885
2165
2095
2026
2025
1886
1956
1886
2026
1956
2025
1885
1816
1746
1746
1886
1676
1607
1676
1816
1886
2095
1886
1885
1746
1676
1885
1677
1536
1886
1607
1607
1327
1606
1606
1746
1536
1537
1397
1397
1537
1746
1467
1536
1396
1257
1257
6286
1118
1327
1257
1188
1327
1187
1118
1258
1327
1257
1048
978
1327
1117
1257
1048
1257
1327
1327
1327
1327
1048
1327
1187
1327
1047
3213
3212
3213
3353
2933
3213
2864
3142
3143
3003
3212
3632
2724
2793
2584
2514
2445
2863
2933
3073
3003
2864
2305
2515
2374
2305
2374
2374
2375
2235
2305
2304
2305
2235
2095
2095
2305
2095
2305
2305
2305
2165
2095
2095
2095
2095
2235
2025
1956
1815
2025
2096
1747
1816
1746
1815
1746
8521
1885
1677
1816
1676
1607
1607
1607
1677
1606
1257
1397
1606
1536
1466
1676
1327
1607
1607
1607
1677
1536
1396
1396
1537
1327
1467
1536
1467
1536
1466
1257
1327
1257
1187
6705
1537
1397
1397
1326
1396
1397
1537
3353
3283
3003
3213
3213
4120
3142
2933
3352
3213
3143
3352
3073
2864
2933
2933
2933
3003
2584
2584
2654
2305
2724
2724
2863
2654
2584
2235
2515
2166
2235
2514
2305
2584
2305
2305
2514
2235
2305
2025
2305
2374
2026
1746
1746
1816
2235
2095
2026
2095
1955
1886
2025
2304
1955
1886
1676
1676
1536
1537
1816
1955
1886
1816
1956
1746
1816
1886
6635
1607
1606
1607
1537
1258
1536
1466
1676
1676
1676
1676
1676
1746
1536
1466
1956
1816
1606
1606
1397
1607
1607
1537
1606
1536
1397
1607
1607
1606
8102
1606
3911
3562
3283
2933
3492
3073
2863
2794
2724
2514
2374
2864
2654
2305
2794
2724
2584
2374
2235
2514
2584
2584
2375
2444
2444
2445
2305
2096
2305
2445
2234
2025
1816
1816
2165
2305
2584
2096
2095
2026
2025
2026
1886
1956
1816
1536
1746
1816
1816
1746
1816
1815
1815
1606
1746
1467
1746
1606
1396
1537
1676
1537
1257
1188
1327
1536
1397
1327
1257
1326
1187
1187
1118
1117
1188
1327
1257
1117
1187
1187
1397
6286
10965
1048
1117
1397
1327
1397
1258
1258
1258
1047
1536
1257
1257
1327
1187
1327
1257
1257
3073
3352
3142
3283
3213
2793
3073
2864
2933
2864
2864
2794
2654
2654
2864
2724
2724
2584
2375
2375
2305
2234
2165
2096
2095
2026
2305
2025
2235
2095
2444
2095
2375
1886
2374
2304
1955
1816
1955
2025
1816
2234
1956
1956
1885
1885
1746
2096
2026
1677
1746
1397
1676
1816
1606
1606
1606
1606
1397
1676
1676
8590
1606
1536
1607
15575
1327
1257
1327
1676
1537
1396
1466
1606
1676
1397
1396
1536
1397
1537
1397
1607
1537
1327
1607
1676
1536
1606
1397
1536
6495
1467
1467
1397
1188
1188
1467
1397
1187
1467
3282
3562
3353
3213
2863
2654
3282
3073
3003
3143
3003
2723
3003
3073
3003
2793
2933
2794
2863
2863
2584
2793
2514
2584
2654
2514
2305
2235
2584
2445
2445
2515
2305
2165
2375
2095
1955
2305
2095
2026
2305
2235
2095
2165
2165
2026
1955
1886
1885
1956
2235
1886
1815
1676
1955
2025
2165
1816
2374
1955
2165
1746
1677
1536
1467
1466
1746
1816
6356
1467
1607
1467
1955
1536
1956
1606
1467
1188
1397
1746
1327
2375
2026
1956
1956
1606
2025
1536
1886
1676
1676
1606
1676
1746
1606
7054
1885
1467
1537
1327
3282
3422
3282
3213
3212
3422
3422
3213
3353
2933
3003
2794
2794
2445
2585
2375
2724
2584
2514
2514
2444
2375
2304
2304
2444
2235
2305
2165
2165
2165
2165
2235
2654
2375
2235
2235
2305
2165
2096
2374
2235
2025
2095
2025
2165
2096
2096
2095
1746
1607
1537
1607
1676
1886
1955
1676
1606
1816
1816
1746
1537
1537
1606
1746
1397
1327
1397
1606
1607
1537
1466
1816
1606
1467
1467
1397
1327
1397
1327
1257
1327
1466
6635
1327
1397
1397
1606
1676
1606
1536
1467
1606
1676
1676
1397
1467
1537
1606
1467
1467
3702
3353
3352
3492
3282
3352
3492
3352
3352
3283
3492
3213
3073
2934
2864
3003
2654
2585
2514
2864
2933
2584
2794
2514
2515
2444
2863
2235
2514
2514
2724
2514
2584
2584
2445
2445
1536
2025
1955
2165
2025
2165
2235
2026
2444
2235
2095
2026
2165
2235
2096
1886
2374
1955
1955
1955
1886
1746
1955
2026
2165
1885
1886
7124
1676
1676
1885
1396
1537
1467
1397
1816
1606
1955
1746
1676
1746
1606
1257
1746
1956
1397
1676
1397
1397
1188
1467
1327
1397
1397
1257
1397
1397
1187
1467
1397
1117
1048
1397
1187
3422
3212
3283
2724
3073
2724
2864
2724
2794
2654
2654
2654
2584
2515
3283
2794
2933
2933
2933
2864
2794
2794
2584
2723
2794
2584
2585
2584
2514
2235
2235
2165
2095
2234
2095
2654
2514
7612
2374
2305
2165
2235
2095
2305
2025
1886
1886
1676
1676
1676
1746
1746
1746
1746
1746
1676
2444
1886
1606
2095
2025
1816
1886
1885
1677
1676
1606
1955
2025
1885
1816
1746
6914
1816
1956
1677
1676
1607
1537
1676
1397
1467
1466
1676
1257
1327
1397
1606
1258
1257
1258
1397
1187
1187
1187
1397
1187
1257
1187
978
3283
3143
3352
3492
3003
3003
2863
2864
3282
3003
3213
2863
3143
3073
2863
2794
2794
3004
2724
2864
2794
2584
2584
2444
2235
2235
2165
2095
2165
2165
2305
2025
1886
1816
2095
1885
1816
2025
2095
1955
1816
1886
1816
1746
1956
1816
1746
1676
1886
1746
1676
1816
1397
1816
1746
1607
1537
1676
1327
1327
8171
1607
1397
1466
1327
1467
1746
1537
1885
1536
1677
1747
1606
1536
1607
1397
1606
1536
1537
1676
1606
1537
1537
1397
1397
1187
6775
1397
1397
1397
1397
1467
1397
1397
1397
1397
1188
1117
1187
1396
3701
3562
3492
3422
3143
3143
3423
3142
3143
3143
2934
3073
2934
3003
3003
2794
2514
2654
2514
2794
2794
2654
2374
2305
2235
2375
2514
2304
2305
2374
2235
2165
2095
2235
2095
2095
1746
1746
1885
1816
1746
1746
1956
1606
1676
1955
1606
1607
1746
1746
1467
1466
1397
1326
1327
7892
1397
1327
1536
1327
1257
1397
1257
1118
1118
1118
908
1117
1117
1117
977
1258
1187
978
1047
908
1047
978
1118
1118
1047
838
768
1048
908
908
1048
6355
1118
978
1118
1048
908
1117
1117
1117
978
1048
1118
978
3702
3632
3492
3562
3213
2864
3004
2794
3352
2933
3142
2654
3004
3004
3003
2794
2933
2794
2793
2654
2724
2444
2374
2444
2165
2026
2096
2445
2235
2305
2514
1955
1955
2165
2444
2235
2095
1746
1885
1816
2026
1816
2025
1816
1956
1816
1676
1816
2165
2025
1815
1466
1327
1257
1536
1466
1466
1257
1258
1188
1467
1466
1396
1188
1188
1466
2025
1327
1188
1118
1187
1117
1187
6495
1466
1467
1396
1467
1397
1117
1117
1467
1466
1467
1466
1467
1397
1118
1187
1257
1188
1397
1327
1187
1397
1327
1397
1397
1397
1885
3981
3492
3352
3282
3423
3631
3422
3492
3143
3143
3143
3282
3143
3422
3073
3073
2933
2724
3143
2934
3003
2585
2654
2724
2794
2654
2654
2793
2724
2584
2654
2374
2375
2235
2235
1955
2165
1956
1816
1955
1886
1746
2026
1676
1607
2025
2304
2026
1955
1746
1746
7473
1676
1606
1885
1606
1746
1816
1677
1467
1467
1466
1467
1746
1676
1466
1746
1746
1885
1607
1886
1677
1607
1537
1397
1676
1466
1327
1397
1606
1607
1536
1397
1467
6704
1746
1537
1537
1536
1466
1466
1467
1467
1327
1537
1327
1466
1397
1467
1257
3772
3911
3841
3562
3632
3143
3772
3562
4400
3702
3352
3492
3283
3631
3213
3283
3212
3143
3142
2933
2654
2584
2724
2724
2794
2584
2863
2934
2723
2724
2444
2864
2933
2794
2724
2444
2305
2235
2305
2305
2654
2584
2514
2445
2584
2514
2514
2444
2234
2515
2514
2514
2444
2934
2445
2444
2794
9149
2724
2375
2375
2165
2724
2235
1816
1886
1886
1886
19905
2165
2095
1815
2095
2165
2374
2794
2025
1676
1676
2026
1955
1955
1956
1885
1816
6775
2025
1885
2235
1816
2165
2025
1955
1955
1746
1747
1676
1676
1956
1886
3841
3772
3562
3283
3981
3771
3492
3423
3283
3841
3352
3422
3562
3492
3143
3143
3422
3423
3142
3213
3143
3003
3213
3003
3073
3003
2793
2723
3213
3003
2723
2305
2374
2374
2654
2514
2375
2375
2235
2235
2445
2235
2375
2095
2095
2166
2096
2026
2026
2026
1956
1746
1746
1955
2026
1956
2374
1676
2095
1257
1816
1816
2026
1956
8660
1885
1258
1606
1327
1676
1257
1676
1677
1607
2025
1956
2026
1327
2165
1816
2025
1746
2025
1816
2025
1816
2235
1886
1816
1886
1676
1886
1746
1886
1676
6984
1677
1886
1676
1746
3911
3771
3422
3562
3561
3283
3213
3282
3283
3562
3283
3561
3212
3143
2026
3283
3213
3143
2864
3003
2723
2654
2793
2724
2724
2095
2864
1816
2444
3143
2514
2794
2794
2933
2654
2654
2933
2305
2305
2374
2305
2375
2375
2235
2374
2305
2166
2584
2165
2235
1886
2235
2166
2235
2165
2235
2235
2165
2026
1885
2026
2025
2235
2025
1955
1956
1816
7264
1676
1676
2234
1956
1886
1885
2025
1537
1536
1537
2304
2025
1746
1606
1606
1676
1606
1676
1886
1886
1816
2096
1676
1606
1815
8381
1886
1607
1816
1815
1816
1815
3841
3911
3911
3772
4051
3842
3492
3632
3981
3283
3213
3631
3631
3632
3631
3562
3841
3632
3562
3422
3213
3353
3143
3282
3003
2933
3142
21790
2793
3213
3003
2933
2793
2794
2723
2723
2864
2794
2584
2794
2654
2724
2794
2724
2514
2514
2793
2514
2584
2514
2724
2235
2304
2444
2863
2304
2515
2235
2026
2026
2165
1956
2235
2305
1956
2095
2025
2375
1886
2375
2095
1886
1676
2305
1886
7263
1676
1885
1816
1676
1676
1606
1537
1956
1955
1816
14877
1676
1956
1956
1816
1816
1677
1746
1676
1816
1676
1536
1536
1537
3631
3562
3562
3212
3562
3492
3353
3422
3283
3143
3143
3073
3143
3283
3212
3073
3003
3003
2864
3003
2793
2724
2445
2724
2514
2724
2654
2444
2515
2654
2794
2584
2585
2515
2444
2444
2165
2445
2305
2374
2584
2444
2445
2235
2165
2305
2165
2095
1955
1816
1746
2304
2025
1746
1955
1886
2166
1955
8591
1815
1885
1676
1746
1746
1816
1816
1816
1746
1885
1956
1676
1536
1397
1397
1397
1746
1676
1536
1327
1467
1676
1537
1537
1746
1886
1676
1606
1606
1537
1606
1537
1397
1606
8101
1257
1327
1606
1676
1467
1606
3772
3632
3492
3631
3352
3422
3423
3562
3143
3143
3073
3353
3283
3283
3562
3142
3282
3282
2794
2654
3143
2933
2724
2864
2794
2863
2934
2724
2793
2654
2864
2793
2724
2794
2654
2724
2444
2305
2445
2445
2305
2654
2375
2444
2165
1886
1886
2305
2304
2095
2026
2235
2165
2026
2095
2095
2165
2025
2095
2165
1956
2165
2304
2305
2026
1886
8660
1746
1816
2025
1816
1955
2095
1886
1606
2304
1886
1606
1537
1466
1886
1746
1746
1536
1815
1466
1746
1607
1467
1746
1467
1607
1606
1676
1258
1257
1607
1606
1607
8032
3562
3771
3771
3632
3492
3632
3562
3493
3213
3213
3282
3003
3073
3003
3003
3422
2934
2934
3142
3073
3004
3073
12153
2793
2864
2724
2863
2584
2444
2654
2305
2864
2654
2304
2654
2584
2375
2305
2166
2235
2444
2165
2235
2374
2304
2235
2165
1816
2304
2025
1815
2025
1815
1886
2025
1885
1676
1746
1746
1816
1676
1746
1676
1606
1676
1536
1676
1606
1746
1536
1397
1746
1816
1537
1396
1327
1536
1606
1257
1397
1257
1257
1606
1397
6355
1257
1606
1466
1327
1327
1607
1466
1327
1257
1327
1188
1187
1187
1257
1536
3841
3701
3492
3352
3492
3911
4121
3492
3632
3422
3213
3422
3073
3003
3004
2933
2933
2724
2654
2514
2933
2445
2305
2374
2445
2863
2724
3073
2793
2793
2584
2654
2864
2514
2304
2654
2375
2724
3143
2445
2794
1746
1677
1677
1676
1536
1746
1606
1676
1746
2444
1816
1885
1537
1466
1257
1606
1606
1746
5308
1606
1606
1467
1327
2165
1466
1466
2025
2166
1606
1048
1257
1188
1258
1676
1607
1327
1956
1187
1187
1257
1257
1187
1257
1327
1396
1606
1536
1327
6635
1257
1257
1607
1677
1466
1327
1187
1257
1257
1257
3562
3911
3423
3422
3562
3213
3352
3073
3422
3212
3212
3003
2654
2724
3073
2793
2794
2445
2793
2514
2514
2514
2584
2514
2375
2235
2235
2584
2375
2235
2235
2165
2025
2514
2515
2375
2235
1955
2165
1955
2235
2235
2025
2305
2165
2095
1886
1816
2165
2235
1955
2234
2165
2096
2166
1955
1536
1816
2026
1746
1606
1816
1606
1537
1467
1467
1537
6635
1466
1746
1676
1676
1467
1536
1746
1746
1607
1746
1746
1746
1746
1188
1746
1676
1467
1886
1746
1676
1676
1677
1397
1397
1327
1677
1676
1397
1467
1327
1677
1676
4400
3981
3771
3911
3701
3353
3632
3422
3702
3702
3283
3422
3423
3352
3073
3492
2864
2793
2724
3283
3283
3142
2933
3213
3073
3003
2654
2933
2724
2863
2864
2793
2444
2235
2444
2934
2515
2445
2235
2723
2375
2235
2724
2444
2515
2724
2654
2514
2794
2445
9010
2654
2305
2445
2305
1956
2375
2166
1816
2165
1956
2304
2095
2235
1885
1886
1956
1886
1885
1816
2165
2165
2165
2096
2235
2096
2375
1816
2095
2025
1956
1885
1676
6845
2096
2095
1746
1746
1676
2025
1956
2304
1956
1955
1956
1886
1677
1955
1816
1676
4261
3981
4191
3911
3771
3911
3911
3632
3562
3632
3492
3422
3282
2934
3003
3003
3631
3561
3003
2934
2444
2793
2863
2793
2654
2724
2794
2724
2724
2585
2514
2374
2375
2305
2095
2025
2235
3633
2095
2235
2095
2165
1886
1816
2096
1955
1746
1816
1746
1746
2165
1956
2165
2235
2025
2025
1815
1746
1606
1607
1886
1885
1746
2026
1816
1956
7124
1746
1746
1885
1886
2026
1606
1536
1886
1606
1466
1117
1746
1537
1467
1676
1956
1118
1606
1607
1118
1397
1327
1677
1467
1118
1327
1607
1397
1606
1467
1327
7194
1257
3842
4120
3562
3842
3981
3562
3981
3352
3422
3352
3282
3003
2933
3003
3492
3422
3143
3352
3143
2933
2933
2514
3003
3283
2654
2724
2864
2794
2724
2514
2724
2724
2514
2723
2654
2515
2654
2375
2305
2165
2165
2584
2304
2235
2025
2304
2445
2165
2026
2165
2235
2234
2375
2165
2235
2095
1886
2095
2026
1955
1956
1885
2095
2095
1886
1816
2025
2095
1956
2025
2095
1956
1746
2095
2026
2026
2095
2025
2025
1955
2095
7054
2025
2025
1955
1955
1955
2025
2026
1886
2025
1886
1956
1955
2025
1956
1885
1885
1886
1815
4400
4051
4330
4120
3702
3841
3772
3562
3841
3562
3423
3562
3282
3073
3282
3003
3143
3562
3073
3213
3073
3073
3003
2654
2933
2864
2724
2934
2864
2793
2724
2724
2654
2514
2724
2515
2444
2864
2515
2305
2235
2235
2304
2165
2584
2235
2375
2304
1886
2235
2235
2096
2375
2235
2095
1885
2095
8730
2096
2026
1956
2026
1606
1536
1536
1956
2025
1746
1466
1536
1397
1746
1467
1537
1816
1746
1956
1607
1607
1396
1396
1327
1327
1746
1536
1746
1816
1746
1536
1607
1327
1676
1606
6844
1606
1397
1746
1676
1607
1677
4469
4260
4051
4121
3981
4190
3981
4051
3771
4610
3771
3702
3631
3702
3562
3562
3492
3422
3352
3352
3423
3003
3282
2933
3003
2793
2724
2654
2375
2584
2374
3073
2654
2444
2794
2514
2444
2305
2514
2584
2305
2374
2375
2305
1956
2095
2025
2165
2095
2025
1746
1885
1746
1676
1606
2026
1885
1956
1955
1955
1816
2026
1815
1816
1746
1885
1677
1677
1956
1257
5866
1606
1537
1397
1327
1677
1467
1676
1607
1536
1397
1397
1466
1396
1536
1537
1537
1466
1467
1676
1327
1327
1187
1536
1746
1327
1676
1397
1607
1397
4260
4051
4051
3911
3911
3841
3632
3562
3283
3213
3282
3283
3213
3143
2794
2724
2654
2864
2724
2515
3003
2933
2864
3003
2793
2514
2444
2724
2724
2515
2654
2444
2444
2445
2444
2095
2165
2304
2095
2026
2025
2095
1885
1955
2095
1886
7124
1746
1956
1956
1886
1956
1955
1676
1886
1746
1815
2025
2026
1886
1816
1746
1467
1537
1467
1467
1466
1466
1816
1816
1886
1816
1816
7263
1816
1606
1606
1327
1397
1327
1327
1676
1467
1676
1537
1607
1676
1606
1607
1606
1606
1606
1327
1327
1606
1606
1467
1537
2235
1606
4331
4260
4120
3632
3701
3492
3702
4050
3771
3702
3422
3422
3143
3352
3143
3073
2864
2654
2793
2585
2724
2863
3073
2793
2654
2724
2514
2514
2654
2584
2654
2864
2584
2445
2514
2375
2374
2444
2724
2305
2165
2724
2514
2445
2165
2235
2584
2375
2584
2304
2235
2165
2095
2095
2026
2654
2235
2165
9009
2444
2025
2095
2584
2235
2235
10127
2026
2514
2165
2165
1746
1746
1746
1746
2095
1885
2095
1885
1746
1956
1815
2165
1536
1537
1885
1886
7194
1816
1816
1815
1816
1816
1746
1607
1536
1816
1606
1607
1537
1536
3772
4540
3631
4050
3353
3422
3143
3143
3492
3353
3073
3073
2794
2794
2654
3003
2863
3213
3352
3212
3353
3003
2933
3004
2863
2724
2584
2515
2375
2235
3003
2864
2374
2933
2794
2444
2305
2375
2235
2165
2305
2096
2025
2095
2025
1816
1746
2096
1886
2235
1746
1885
1746
1886
1885
1815
26819
1746
1606
2095
1746
1537
1816
8381
1746
1677
1467
1537
1816
1537
1677
1397
1327
1187
1397
1397
1258
1188
1257
1467
1188
978
977
978
1397
1327
1187
1118
1327
1327
1257
1047
1048
978
6216
1467
1327
1327
1467
1397
4051
3981
4261
3981
3842
3841
4190
3911
3981
4260
3981
3422
3702
13131
3352
3632
3631
3632
3352
3143
3213
3422
3212
2933
3073
3004
2794
2444
2864
2793
2863
2584
2375
2304
4191
2724
2654
2863
3143
2723
2514
2864
2654
2374
2305
2095
2235
1955
2025
1816
1886
1816
2165
2235
1956
2165
2026
2235
2305
2165
2026
2585
2165
1816
1746
1816
1537
1397
1397
1327
1327
6565
1606
1676
1606
1606
1327
1327
1327
1536
1537
1536
1466
1258
1537
1536
1466
1327
2026
1536
1607
1536
1607
1327
1327
1327
1257
1396
1467
1258
4260
3772
16692
3911
3632
3911
3702
3213
3492
3213
3352
3283
3212
2864
3143
3213
3073
3213
3073
3213
3073
3003
3213
2864
2864
2864
2863
2793
2793
2794
2584
2724
2514
2444
2515
2654
2514
2375
2165
2445
2235
2445
2235
2026
1886
8730
2165
1956
2096
1885
1886
1886
1886
1885
1886
1886
1886
2026
1815
1746
1746
1607
1606
1816
1676
1746
1607
1677
1676
1536
1816
1606
1676
1606
1746
1746
1746
6774
1466
1536
1816
1676
1466
1397
1676
1607
1676
1606
1746
1607
1537
1537
1467
1467
1607
1816
1537
1467
1397
1467
4331
3841
3911
3562
3841
4121
3631
3771
3702
3771
3631
3492
3282
3283
3353
3422
3143
3282
3003
2933
3143
2723
2724
2864
2863
2653
3142
3143
3142
2863
3143
3073
3003
2724
2863
3143
2794
2934
2654
2445
2165
2235
2863
2444
2375
2584
2723
2654
2724
2933
2793
2584
2514
2375
2235
2165
9009
2165
2026
1746
1886
1746
1816
2025
2025
2165
1886
2095
1886
2096
2026
2025
1746
1677
1606
2025
2026
1956
1816
2095
2095
1886
2095
2096
1955
2095
2026
1886
8520
2095
1956
2026
2025
1816
2025
1816
2096
2026
1956
2095
4330
4330
4260
4191
3981
4190
3841
3841
3772
3772
3632
3562
3422
3423
3422
3143
3352
3073
3352
3073
3213
3073
3073
3142
2794
3073
2864
2934
2724
3073
2654
2793
2654
2585
2793
2375
2444
2235
2863
2584
2375
2304
2304
2305
1956
2095
1886
1886
1886
1955
1607
1886
1956
1746
1746
1746
1606
1537
1536
1396
1327
1257
1257
1257
1397
1327
1607
1537
8311
1536
1537
1327
1327
1537
1537
1327
1397
1327
1257
1327
1746
1537
1537
1467
1536
1537
1467
1467
1466
1676
2025
1466
1257
1257
1257
1466
1466
1467
1397
6495
4051
4051
4261
3981
3911
3632
3772
3842
3701
3702
3422
3423
3631
3562
3352
3422
3352
3422
3003
3282
3212
3143
3352
2933
2863
2654
3073
2933
2723
2863
2793
2864
2864
2863
3003
2514
2863
2585
2514
2375
2235
2305
2654
2584
2724
2864
2305
2514
2444
2235
3143
2305
2165
2165
1956
2095
2026
2584
2514
2444
2445
2235
2025
2515
2514
2445
2444
2375
2165
2514
2934
2096
2095
1885
1956
11105
2863
2445
2863
3702
1676
2584
2584
1886
2584
2026
2235
2863
2584
2375
3282
2794
2584
2444
2514
2304
1746
2444
1676
3213
3841
4190
3911
4051
3841
3841
3632
3423
3632
3562
3492
3422
3283
2933
3212
3213
3283
3073
3283
2933
2724
3213
3003
3003
3073
2794
2863
2933
3003
2933
2793
2444
2654
2305
2515
2515
2514
2654
2654
3073
2444
2514
2514
2374
2305
1885
2515
2445
2445
2375
2305
2724
2305
1956
1885
1816
1676
8940
2165
2165
89886
1746
1886
1885
2235
2025
2095
1885
1746
1885
1677
1746
1746
1536
1886
1886
1955
1816
1607
1886
1886
1955
1816
1676
6496
1466
1537
2095
1886
1885
1955
1816
1537
1536
2304
1816
1816
1677
1815
1397
4191
3842
3632
3980
3841
3911
3562
3772
3772
3422
3632
3422
3632
3353
3073
3422
3492
3352
3282
3422
3283
3003
2933
3142
2864
3143
2933
3003
12292
2584
2584
2933
2514
2793
2724
2444
2794
2584
2654
3702
2514
2444
2305
2793
2305
2444
2305
2025
2654
2375
2374
2165
2514
2025
1886
2025
1955
2235
2165
6984
1816
2165
2445
1886
2025
1956
1816
1955
2235
1885
2026
1885
1885
1816
2165
1816
2095
2025
1956
2165
1885
1816
1536
1746
6775
1816
1677
1397
1397
1397
1536
1467
1816
1746
1397
1327
1327
1397
1397
1396
4260
3841
3841
3702
3562
3492
3492
3282
3701
3632
3632
3352
3353
3562
3562
2934
3212
3003
3003
3212
3213
3143
3003
2933
2934
3003
3073
3143
2933
3003
2584
2514
2444
2514
2584
2305
2654
2654
2793
2724
2514
2654
2514
2095
2096
2584
2515
2235
2375
2165
2165
1816
1886
2165
1746
2026
1956
1676
1956
1536
1606
1956
1816
1677
1676
2305
8451
1676
1536
1746
1676
1746
1676
1536
1327
1327
1815
1606
1606
1327
1327
1257
1747
1327
1188
1606
1397
1327
1606
1467
1536
1536
1537
1467
1187
1466
6844
1257
1467
1467
4260
3632
3841
3981
3492
3562
3492
3422
3632
3562
3422
3492
3632
3632
3352
3143
3282
3143
3353
3422
3422
3003
3003
2863
2724
2654
2514
2584
2723
2933
2933
2863
2584
2724
2793
2444
2654
2375
2305
2165
2374
2095
2305
2165
2165
2095
1956
1886
1816
1746
1746
2305
1885
2025
1885
1815
2305
1607
1886
1886
1816
1886
1956
1746
1537
1537
1537
1536
1816
1676
1607
1816
1676
1885
1816
2375
7123
1607
1816
1886
1816
1746
1746
1537
1536
1467
1536
1397
1397
1467
1746
1676
1886
1746
1606
1397
1746
1885
1746
1467
3981
4400
4121
3073
4260
4051
3352
4679
3352
3422
3562
3841
3842
3073
4400
3143
3492
2864
3702
3771
3702
3701
2863
2934
3492
2584
2934
2863
3701
3771
3561
2514
3003
2724
2165
2165
2026
2444
2863
2863
2863
2304
2793
2794
2235
2305
2654
2375
2445
2724
2514
1955
2235
1886
1955
5587
1886
2374
1886
1885
1816
2514
2445
2375
2304
2375
2375
2165
2234
1886
2793
2444
2654
1746
1676
2793
2514
2724
2793
2165
2095
2095
2095
2095
2095
6635
2235
2514
2304
1885
2374
2095
1956
1955
2514
2095
2515
1816
1956
2305
4120
4330
4819
4680
4120
4260
4470
4190
3841
5238
3143
4260
3003
3493
3492
3492
4051
4050
4051
3422
3073
3701
3143
3352
3632
3283
2863
3352
2724
3003
3073
2933
2444
3212
2724
2305
2444
2095
2585
2165
2654
3003
2025
2305
2445
1885
2445
1956
2654
2514
2165
2095
2235
2375
2305
3212
2584
2514
2863
2095
2445
2235
6635
1886
1746
1327
1747
1816
1815
2584
2514
1886
1746
1746
2025
2794
1956
1746
1886
2305
1815
2025
1816
1676
2375
1955
2165
2375
2095
1676
1677
1467
1676
1536
8241
2026
2165
1886
1676
1676
5029
5028
4470
3911
4540
3911
4470
3561
4191
4260
3492
3911
3911
4331
4539
3911
2863
3981
3212
2864
2096
2514
2864
2305
1676
1886
1886
1956
1746
1955
2515
2444
2863
2514
2025
1956
2375
1885
2096
2793
2375
1885
2165
1816
2305
2444
2095
1746
1886
2025
2305
1955
1676
1606
1467
1536
1816
1816
1956
1746
1676
1886
1397
1397
1327
1396
1397
1396
1466
1396
1396
1397
1327
1396
1397
5378
1397
1327
1396
1397
1397
1397
1327
1397
1327
1327
1397
1327
1327
1327
1397
1327
1746
1467
1397
1327
1257
1257
1676
1607
4190
4749
4260
4679
4330
4261
5098
3911
4121
3701
4050
4400
3771
3422
3701
3213
4120
3841
3422
3423
3912
3701
3841
3771
3492
3283
3213
3283
2864
2375
2724
2654
2934
3352
3143
3981
2933
2514
2654
2653
2095
1955
2654
1956
2584
2235
1746
2095
3212
3073
2305
1955
1956
6635
2026
1816
1746
1816
1886
2025
2445
2793
1955
1886
1956
2026
1886
1816
1886
1676
1606
1467
1816
1886
1816
1676
2165
1885
1676
1606
1397
5936
1746
1606
2165
2096
1677
1815
2654
2235
1956
1885
1746
1676
2514
1676
1537
1187
1607
1188
4749
4051
4819
3981
4819
3562
3562
4260
3562
4540
3702
3771
4261
3772
3282
4050
4050
3283
3282
3142
3352
3004
3003
2864
2933
2933
3283
3143
2584
2864
2654
2374
2864
2374
2584
2445
3213
2235
2305
1886
2375
2584
1886
2165
1886
2933
2724
2096
2096
1746
1537
1955
1816
1816
1537
1955
2165
1815
1956
1606
1536
1886
1676
1886
1397
5517
1816
1606
1257
1257
1746
1467
1467
1257
1048
1118
1327
1396
1048
1048
1537
1816
1327
1118
1047
1746
1188
1118
1117
1048
1048
1118
1396
1397
1746
5518
1327
1188
1537
1676
4400
4120
4470
3911
3562
3492
3632
3492
3004
3003
3283
3073
2863
3283
2933
3212
3213
2933
3142
2864
2933
2793
2514
3073
2864
2654
3003
2724
2444
2654
2305
2724
2654
2585
2584
2654
2305
2375
2934
2514
2095
2933
2863
2933
2723
2794
2584
2584
2444
1816
1676
2445
2025
2095
1746
1676
1676
2514
1815
1815
2165
1886
1606
2304
2375
2514
2095
2165
1955
1536
2026
2584
2095
9917
1816
2025
1746
2374
1885
1746
2025
1606
1956
1816
1816
2025
1816
1746
2025
1816
2095
2165
1606
1606
2096
1746
1676
1676
1327
1676
4260
4260
3911
3981
4470
3841
4469
3841
3632
3423
3353
3422
3492
3562
3911
3911
4679
4330
3352
3353
3562
3352
3143
3492
3073
2863
2794
2724
8939
2934
3841
4050
3073
3213
2584
3772
3352
3353
3492
3353
3073
3212
3283
3562
2654
3004
2585
2375
2793
2305
2444
2235
2584
3003
2724
2025
2095
2444
2235
2165
2864
2025
2095
2584
2444
2026
1816
2584
6076
2514
2723
2864
2793
1955
1955
2165
2095
1816
2235
2165
2374
2304
2863
2096
2165
2235
2235
2096
1955
1956
1746
1886
1816
2025
2235
1607
2095
2026
1606
1885
3842
7962
2724
3422
3352
3561
5308
3702
3422
3631
3492
2165
2933
3352
4051
3282
3492
3492
3143
3422
3073
3422
3422
3283
2724
2654
2305
2654
2584
2166
2444
1677
1816
3422
1746
2514
2305
3003
3003
2585
2445
3143
3492
2584
2724
2235
2304
2514
2165
1955
2654
3143
2166
9499
2515
2165
1746
2374
1746
2095
1955
2375
2235
2864
1956
2724
1397
1956
1327
1467
2026
1327
2514
2235
2026
1885
1886
1886
1676
2235
1746
2584
1676
1886
8869
1956
1956
1746
1816
1607
1397
2514
1677
1536
1606
1327
1536
1467
1467
1257
3911
4050
3562
3492
3771
3981
3562
3632
3562
3632
3632
3771
3912
3632
3702
3562
3632
3632
3213
3422
2794
2933
3073
3003
2794
2515
2375
2305
2375
2374
2444
2095
2654
2514
2304
2514
2444
2235
2235
2026
1956
2305
2096
2095
2165
2095
2374
2166
2305
2165
1955
1886
2096
2793
2584
1816
1327
1746
2794
2235
2095
2025
2025
7193
1955
1606
1746
1607
1606
1606
1676
1956
2025
1746
1746
1606
1606
1536
1536
1886
1537
1536
1956
1815
1746
1537
1536
1467
1885
1816
1676
2584
1816
8730
1956
2654
2025
1886
1746
1676
4819
3771
4190
4260
3492
3841
3422
5098
3632
3353
3492
3632
5168
3282
3073
4819
2933
3213
3143
3073
4400
3282
3283
4050
2794
2724
4330
2444
2654
2934
2375
2305
2305
2654
2445
2235
2095
2654
2444
2025
2863
2095
1886
3143
2793
2584
3003
2514
2305
2934
2095
2235
2235
2375
2305
2095
2165
3003
1955
2095
2864
9079
2235
2165
3142
2235
1956
2095
1955
2654
1956
2025
2514
2095
1886
1885
1956
1746
1886
1886
1955
1886
1816
1886
1886
1956
1816
1677
1746
1816
2235
2165
1676
7333
1676
1746
1746
1677
1536
1606
4190
4121
4051
3772
3911
3702
3702
3492
3352
3352
3143
3562
3352
3073
4749
3073
3003
4470
3282
2863
3212
3353
3073
3003
3073
3003
3073
3143
3562
2723
3143
3073
2794
2724
3632
2584
2584
2305
2864
2374
2375
2654
3352
2165
26191
2095
2304
2305
2445
3003
2095
2235
2165
2095
2235
2095
2095
2165
2025
1885
2584
2026
1816
1885
2025
1677
1606
10476
2095
2096
2794
2095
2095
2095
2375
2096
2026
2794
2095
2096
2096
2095
2165
2096
2025
12153
2165
2025
1676
1607
2025
1816
7542
2514
1956
1955
1956
1746
1955
1746
14317
4400
4051
4400
3911
4051
4051
3632
3771
3423
3353
3142
2863
3282
3352
3213
3143
3352
3142
3003
3004
3003
2864
2724
2863
2934
2724
2514
2584
3841
2654
3283
2724
2584
2445
2445
3143
2235
2375
3143
2165
2165
2235
2165
2235
2165
2305
2933
2165
1327
1746
1187
2863
1885
1396
2514
1676
2515
1606
2235
1677
2514
1606
2165
1537
1676
2374
1746
1676
1676
1677
1607
1746
1885
1677
7543
1467
1118
1537
1187
1746
1327
1606
1188
1047
1187
1047
1257
1257
1047
1047
1327
1257
1187
1118
1258
1257
1118
978
1187
3772
3842
4050
3981
4051
3702
3422
2374
5238
3492
3562
3632
3632
3143
3352
3143
3423
3422
3353
4469
2933
3003
3073
3073
3492
1886
3423
3142
1676
2723
4120
2584
2305
3562
2444
2933
2793
2584
2374
2444
2654
2584
3213
2444
2445
2235
1955
1816
2165
1955
2025
1746
1885
1746
2794
2095
1956
1746
2025
2095
1956
6984
2095
2026
2235
1955
1886
1955
1955
1956
1956
1955
1886
1955
1886
1816
2794
1816
2025
2305
1885
1816
1677
1885
1815
2305
1815
1886
1815
1816
2305
1746
2584
1886
6565
1676
1536
1397
1047
1257
