2793
1397
1188
1327
1187
1397
1187
1466
1257
1187
1187
1187
1047
1048
698
908
18298
1117
1258
978
1187
1187
1187
1187
1117
1117
1118
1327
1187
769
1258
1257
699
1676
698
1257
1188
1257
1187
1187
1187
1187
1257
1187
1187
1187
10546
1118
1187
1118
1886
1467
1467
1467
838
1257
1257
1327
1327
1118
1117
1117
1257
1327
1327
1257
1397
1257
1187
768
838
838
1187
1187
1327
1676
1327
1677
1397
1396
1257
1118
1187
1117
1467
1118
1327
1047
1118
1257
1327
1187
1327
838
977
1397
1257
1188
1187
1118
1677
1188
1537
1327
1397
1396
1396
1536
1397
1327
1327
1327
1466
1537
1607
1467
1536
1467
1327
1257
1327
1117
1467
1396
1327
1537
1537
907
1536
1397
1467
1188
1815
1467
1397
1187
1397
1467
1257
1606
1257
1397
1327
1396
1397
1257
1047
908
1327
1258
2025
1885
1676
1537
1188
1606
1746
1467
1326
1536
1327
1257
1536
1117
1327
1677
1466
1536
1327
1048
1257
1397
1536
1467
1117
1397
1536
1397
1537
978
1607
1466
1536
1466
1397
1327
1396
1117
1327
1397
1467
908
1746
1187
1676
1467
1466
1397
1397
1746
2305
2235
1257
1188
1396
1816
1816
1327
1607
1816
1397
1257
1257
2165
2096
1746
1257
1607
1607
2165
1885
1746
1397
1466
1816
1187
1746
2096
1886
1396
1746
1397
1537
1816
2235
1467
1746
1257
1956
1607
1816
1327
1816
1327
1327
1257
1676
1257
1466
1607
1606
1048
1327
1326
1397
1396
1117
1257
1396
1396
1257
1886
1467
1606
1397
1187
1466
1467
1466
1327
1257
1327
1397
1397
1327
1327
1327
1327
1397
1327
1257
1327
1257
1327
1327
1467
1397
1327
1327
1257
1327
1327
1187
1327
1327
1396
1397
1396
1327
12851
1746
2234
2095
2305
1677
1676
1956
1956
2026
1676
2235
2514
1746
2095
1676
2025
1886
2025
1607
2095
2025
1956
2165
2165
1606
1606
2026
2445
1746
2165
1677
2025
1956
2025
1676
1955
1537
2026
2025
2235
2025
2165
1885
2026
1466
2095
2095
1606
1816
2025
2584
2375
2304
2374
2584
1956
2235
2584
2445
1886
2305
1676
2165
2933
1886
2515
2305
2305
2235
2165
2515
2724
2724
2584
2444
2445
2165
2444
2794
2375
2514
1886
2234
3353
2095
1886
2445
2305
1886
2444
1676
2165
2584
1955
2445
2374
2305
2305
2165
1746
2165
2654
2584
2445
2654
2514
2025
2444
2515
2515
1816
2654
2515
1956
1886
2584
3213
2794
3073
2305
2794
2724
2793
3143
2793
3631
2723
3003
3213
2724
2724
2654
2514
2374
2165
2025
2584
2375
2584
1815
2445
2654
2654
2654
1886
2375
1886
2654
2374
1816
2445
2584
2305
1397
2305
2305
2304
2444
2304
2305
2235
2025
2305
2025
2095
2025
2374
2305
2095
2235
2235
2654
2095
2934
2444
2724
2933
2724
2514
2863
2933
2305
2374
2375
2305
3422
3003
3492
2514
3073
3422
2654
3073
2305
2934
2234
2864
3352
2514
2374
2514
2863
2724
2305
2654
2445
2584
2304
2445
2444
2584
2514
2374
2585
2304
2514
2514
2514
2515
2585
2374
2584
2584
2584
2584
2654
2584
2375
2585
2584
2584
2515
2584
2514
2444
2585
2514
2584
2514
2374
2514
2584
2584
2374
2305
2584
2514
2514
2515
2375
3143
3702
3073
3981
3841
3842
3073
4050
3841
3771
3562
3981
3492
3003
4051
3492
3631
3492
3073
3771
3842
3003
3283
4051
3212
3771
3772
3143
3004
3492
3911
3212
3353
4190
4121
3492
3004
3073
3562
3562
3422
3632
3701
3423
3282
4051
4051
3143
3841
3772
2933
2933
3282
2794
2654
3143
3352
3352
3143
3142
3143
3143
3143
3282
2793
3143
2793
3142
3143
3212
3213
1676
3143
3143
3143
3143
2514
3143
3142
3143
2933
3493
3142
2933
3283
2934
3143
2863
3142
3142
3003
3142
3213
3352
3143
3213
3142
3283
3213
2863
3841
3771
3562
3562
3492
3492
3073
3492
3283
4191
3493
4120
4051
4121
4190
3352
4050
3981
3353
3422
4051
3981
13270
3352
4051
3562
4190
3981
4469
4121
3632
4051
3981
4120
4260
4260
3981
3353
3981
3422
3492
4680
3562
3422
4470
3702
4260
3911
4470
4749
4680
5378
4051
3841
5238
4121
4679
4680
4888
4819
5098
4470
4889
4958
4679
3911
4609
3771
5099
4050
4959
4749
4679
3981
4400
4540
4750
5308
4959
4190
4680
4610
3911
4610
5099
5588
4120
4609
5098
5238
4610
5308
4749
4749
4679
5028
4749
4679
4610
3981
5238
4330
5098
4260
4959
5029
5657
5448
4959
4679
4749
3981
5099
5099
5029
5029
4889
4959
4749
3981
4889
4539
4750
4051
4680
4819
5308
5797
5238
5867
5587
4470
5099
5098
5308
5518
5308
5378
5168
4469
5378
5029
4959
4540
5378
5099
4959
4330
5098
4749
3562
4610
3422
3492
3492
4679
4540
4400
4400
4330
4330
3911
4610
4610
3911
4540
3912
4539
4400
4330
4330
3702
3702
4330
3632
4400
4749
4330
4400
4330
4331
3911
4330
3841
4400
2165
3143
3143
3142
3422
4400
3772
4540
4540
4400
4120
4051
3841
4540
4470
6077
6774
5867
6914
6844
7054
6565
7333
6286
3911
6007
6565
5657
6425
6285
6425
6425
6146
6425
6914
2864
6286
6076
6076
6705
2654
2934
4121
6845
4889
6705
6355
5168
5867
6285
6495
5866
5797
7054
6984
6355
6565
6146
6565
6216
6844
6286
6775
6705
6356
6286
6914
6356
18579
6635
7124
6426
7264
7123
6286
7333
7543
6984
7124
7054
6635
7124
7054
6984
6285
6705
6704
7124
7752
6984
6984
6914
7124
7193
6286
7264
7263
6775
7193
7263
6844
6634
7264
7054
7054
7123
6915
7194
6774
6356
6775
6775
7194
6914
6355
7822
6915
6844
7542
6774
7263
6775
7333
7752
7054
7682
7054
8032
6844
8101
7822
6844
7682
7822
6914
7962
7822
7613
7682
7682
6635
8032
7333
8730
6845
6985
6844
7962
8171
7683
7892
7054
7682
7682
7473
7194
7333
7333
7333
7263
6844
7752
8311
6984
7264
8171
8661
8590
7263
7612
8451
7263
8101
8661
7334
8311
7473
8242
7333
8241
7263
8101
7822
7334
7892
7194
7333
7193
3213
7193
4470
5308
5308
3282
7473
3282
7334
7263
7194
5378
6007
7264
6146
6216
7264
7263
7404
7334
6286
7124
7193
7123
3213
7263
3842
8590
8450
7892
8520
7822
8450
7822
8520
8591
9289
8590
8660
8940
7962
8730
8101
8940
8730
8870
8870
8730
8800
7822
9080
7892
8731
8590
8591
8590
6425
8591
8940
8869
8381
6565
112165
8031
8869
8800
8870
8171
8730
7892
8660
8590
7753
7823
8032
7822
7822
9219
9219
8241
9080
6984
9219
7123
6914
6914
6914
7194
7054
7124
7054
6914
6845
6844
6844
6914
6076
6914
6076
15365
6844
6077
6984
6915
6006
6914
6216
6076
6845
9149
9219
6984
9569
8591
9359
9289
8311
9219
9359
4190
8242
3981
9150
6216
6216
9918
9219
9638
8870
9150
10127
10057
9848
9708
4260
4330
4330
4121
4260
4470
4120
4051
3911
4121
4121
4051
3981
4400
8730
8870
8870
4051
8800
8800
8311
7263
7613
7683
8800
8800
9079
8800
8731
8800
8660
8590
8520
8730
8939
8730
8730
8591
8591
8730
8730
8869
8731
4261
3911
3981
3981
3771
4121
4121
4050
4400
4400
5029
4959
5587
5727
5936
3631
3981
3631
3981
3562
3841
5169
6495
3841
3911
3073
3631
4191
3561
3492
3911
3842
3841
4610
4190
3911
3562
3980
3841
3632
4120
3911
3981
4330
3911
4260
4819
4470
3771
3981
4261
4400
4400
3772
4330
6984
4260
3842
4609
4260
3702
4470
4190
5029
4051
4469
4120
4260
3912
3422
4330
10616
3562
4051
3213
3352
4121
4051
3772
7822
5867
5657
5587
4120
6076
4051
3981
4051
4050
4051
4330
3842
4330
4121
4120
4051
4050
3772
4121
4050
10476
10686
10616
10616
10546
10686
10546
7194
10615
10616
10546
8940
10546
12013
10616
11873
11594
12012
10476
11454
10616
11664
11663
12013
10546
10616
11523
11943
11873
11734
11733
11734
11663
9219
11803
11594
11733
11873
11314
11734
10546
11384
11593
10615
12152
11873
10756
11873
11803
11733
11104
11314
11594
11244
11594
11245
11315
11245
11384
11244
11454
11454
11454
11454
11454
11454
11524
11384
11594
11524
12851
12850
13410
12850
12851
13060
12850
11384
12990
12990
13131
11384
13200
12780
11314
12711
11244
12781
13061
12851
13130
11244
13060
13060
11454
11524
11384
11663
11384
12920
11664
13968
14247
12012
12082
14318
12013
14248
12013
14317
14108
14108
12152
14177
13759
14178
11942
37155
14038
13898
14108
13898
12012
13898
12013
14178
14318
14248
14317
14178
14318
14247
14177
13968
14038
13898
13689
13829
14038
12012
13968
14038
14108
13898
13829
11873
13829
13968
13759
11803
14876
12571
14527
14946
14806
20603
15645
15435
15085
12711
14457
14806
12641
14806
15226
14736
14597
15295
12571
14946
14527
14597
12431
14667
12502
14807
14876
12502
14597
12501
15085
15016
15086
14946
14736
14806
14736
14876
15295
15015
12641
14736
15295
15156
14946
15365
14876
14946
15435
13969
15784
14946
15644
13479
28006
15505
15505
13061
13130
15365
13269
15504
15575
15993
15854
15714
15854
13409
15505
13269
15644
28704
15574
15644
15575
13340
13269
16063
15504
13340
15295
13269
15784
16692
15644
15505
15715
15784
15784
16134
13409
13130
13410
22210
13130
14946
13409
13410
15715
13340
14736
14946
15086
14876
10896
14945
17670
6635
18438
6356
15015
14317
17460
18229
15644
17879
14946
17251
6635
18158
18019
17530
17740
17251
17390
17530
27727
17530
17390
17391
17180
17250
17670
17460
18158
14806
17600
16832
17460
17879
17670
17321
15156
17879
19066
18368
15085
16622
16483
15086
18368
18857
16133
28635
18857
18717
18717
18578
16064
16134
18787
15923
18927
18577
16133
18578
18787
18368
18368
16552
16064
15994
16064
15994
16203
16133
16133
16133
15993
15994
15924
16343
15994
16133
16064
16064
15924
16064
15854
18368
18577
18927
18717
18788
18927
19136
18368
18787
18787
18787
17460
17949
17949
17740
17739
15574
15504
27797
15435
17810
15435
17739
19346
15505
17810
17740
17740
17670
25911
17809
17810
17810
17670
17810
15435
15504
17809
17740
17739
17739
17810
15435
15505
17739
17809
17739
15993
17879
17809
17810
29404
17669
17740
17809
17670
17739
17739
17879
17600
15365
21861
22140
19695
19696
22489
19765
19695
22908
22419
22768
20953
22209
19695
22628
19904
22699
22698
22628
22559
19695
22559
23187
22768
19555
22559
19696
22419
19905
23117
22489
22769
22419
22629
22558
22629
22629
22628
22698
23047
22698
19765
22419
19765
19765
19835
22768
32546
23187
22559
22559
20114
20603
20743
20673
28705
20673
20743
22140
20673
23886
20813
20673
23816
24025
23537
24304
24095
23955
24025
24165
23956
24445
24165
24025
24165
23257
24095
23886
20603
23607
23746
23955
24095
21092
24235
20534
20883
20673
20882
20813
20673
20742
20743
20743
21232
20673
20813
20813
24165
20743
22070
22768
22699
23187
25841
22768
22698
22699
25631
26050
48470
25283
22629
22629
22629
22698
22629
22419
25841
22419
25632
22488
22419
22489
22419
22629
22559
22838
23885
22698
22907
25771
22629
22908
22768
22768
22629
25631
22838
22698
23117
22559
22628
23257
22628
22559
22908
37854
25492
22907
26959
24863
24934
27238
24794
27098
26121
27029
27098
24863
24934
40298
24863
24794
24934
24933
24864
24933
24724
24863
25003
24864
32965
24864
25003
25841
24933
25003
25142
24864
25003
24793
24794
24794
25213
25073
24933
24863
27168
25003
27726
24794
24863
24864
24934
24793
9429
24863
24864
20184
26400
27238
27168
35060
27029
23537
23466
28565
23467
27098
27098
27238
23536
27029
26959
37086
27168
27098
27028
27029
27028
27028
26959
26959
27029
36597
23397
23397
26959
27517
29333
27308
27307
27238
28076
27238
28635
27029
28984
28914
28704
29892
28635
27169
29333
29123
27098
27029
28845
28844
28774
31917
29473
42813
31359
31289
31149
31848
31149
29613
31080
29403
31149
31149
31289
29403
30591
29334
37784
31987
31149
29752
29543
31289
30870
30940
30870
30800
29543
29193
29333
30241
31358
31009
31778
29403
31568
29403
31428
37295
31080
31358
30590
29543
29334
30940
29473
31708
31568
29752
31010
31848
27517
27517
31638
31778
27587
31708
31778
31708
31778
31708
31778
31638
31988
31778
31777
31777
27448
31708
27447
40508
40088
31848
31778
27377
27447
27657
31708
27447
27657
35341
31778
31708
31638
31778
33873
29334
34012
33943
34082
40718
34362
31568
33733
32127
31987
33593
46236
33244
32756
33594
33175
33594
35409
33454
33523
33524
35479
33454
33453
35200
33384
33593
33384
35689
35758
33384
33663
33664
33523
33594
44069
33244
35759
33593
33314
33663
33314
33595
45536
45466
34711
33524
33453
33664
33663
33314
33384
33593
33384
33454
33384
33454
33314
33384
33384
51613
33593
33384
34222
34851
47702
34711
30171
30032
30031
34781
34711
34781
34711
34781
34642
34781
34641
34781
34641
34641
30032
34711
34641
30032
34711
30101
34711
30031
34711
34780
30032
34641
34780
34711
34781
34641
46165
34781
34711
34711
30032
28356
38063
34711
19696
45536
25003
25003
28216
34850
34641
28076
37364
37924
36666
38762
36527
37714
37994
37924
36737
38063
38203
51054
38343
36387
38203
36457
36527
38483
36457
36247
36596
38203
37015
32895
38343
36666
38063
38483
38762
37923
38552
36667
39111
38343
37994
38063
37923
37784
37923
36457
36527
37784
37784
36667
38343
38902
45187
39042
38133
37783
31848
37644
32406
37504
48749
45956
37505
32406
37365
37295
45816
32336
37505
37504
32406
37574
37504
37365
37365
37435
37505
39740
39949
39600
35060
37714
40508
39460
40158
39809
37574
40508
37504
51403
51054
39670
39739
40158
37435
40228
39600
39530
38483
40088
39879
40438
14597
14667
13759
14457
47073
58736
41556
41486
41276
41416
41276
39530
39600
41625
41416
40996
40857
42114
41206
39600
42394
39600
42394
42184
39600
42533
41485
40787
39390
41206
41346
39530
42323
39530
41904
41415
39530
41626
41556
39600
57758
41416
41346
41206
41416
41416
41276
41066
41276
41136
39460
41346
39530
41206
43162
43231
41346
42533
41136
42883
41207
42254
42393
43302
43022
42812
42952
41486
42952
42952
43371
43511
43302
42674
89816
42952
53289
42812
41345
43580
43022
43930
43301
42114
42813
43302
53010
43231
42953
43092
43161
42882
41276
43720
51892
36876
41346
42952
43232
43162
43092
43232
41346
42254
36317
42953
42812
50844
36946
42743
49308
36946
42813
42812
42743
37016
42673
42673
42743
37016
42813
53848
42813
42673
42743
42743
52450
37086
36946
15575
42743
23257
42813
27797
42743
27727
42743
42812
34642
42812
42813
37016
42882
42743
53568
43092
42882
42742
42742
42743
42743
42743
42742
42672
37924
38553
44559
38552
44629
38482
44488
44488
44489
44418
44489
55733
44489
44488
44418
44489
44419
38342
44419
44559
38412
51612
44419
44489
44558
16204
40927
44628
44628
44489
44628
44489
46095
46933
46445
46514
47073
47073
47282
47492
47213
46724
47212
47282
44559
47073
46305
46165
47422
46305
65371
47981
46235
46305
47771
60134
46305
46514
46514
47213
46374
47422
46305
49098
48399
46305
48050
46514
48679
48190
48121
48121
47911
54267
46654
46444
46235
48190
46654
46514
46305
46305
47702
48120
46305
46304
46235
48260
47981
47980
46305
46234
47702
49098
46304
48889
48190
48679
48330
48260
47213
49308
48190
48330
48260
48050
48121
56432
48190
48121
48190
48190
47981
48260
48120
48400
47980
48121
55663
48261
56572
48190
48190
48191
48120
48260
48400
48051
48191
50984
48260
48190
48120
47981
48190
48191
48051
50006
50355
48120
47981
50565
48609
59784
49726
49796
49866
47981
18298
17460
48959
52102
52101
49797
51753
50775
52451
50076
52102
51822
59854
51753
51752
52031
52451
49727
52521
50076
52521
52730
52032
51682
52311
52172
51682
51543
49727
52730
52172
51682
51333
52311
51822
51822
51892
51613
51962
49727
51333
51682
51822
52101
52451
52800
52171
52311
51822
51962
51334
50774
51683
53917
53777
67606
53358
54127
54127
53987
54685
52940
54336
51752
51753
52101
51752
51543
51682
51682
51892
64952
54756
53917
54196
18647
81784
51612
39111
54616
44559
52590
46583
54057
54476
54336
54546
54546
54825
53637
54546
54546
54057
54057
54057
54057
53917
53847
63276
51612
54895
53987
55314
53498
56222
55593
53428
56362
53638
56362
53288
53499
55523
56780
54755
55803
55873
55942
56222
55384
55872
55593
54336
68584
56012
55873
55803
56222
53289
56082
54406
55454
55384
55453
55803
66279
55803
55733
56292
56013
56292
55663
54127
55803
55663
56502
53429
55803
56152
55663
56082
54545
54267
57689
57758
57758
55244
57339
56082
57409
69002
55174
58387
58946
55244
57689
58666
55384
58178
58667
55174
57479
56221
57828
55314
57759
57829
55244
68584
57619
58806
58387
55174
56222
55175
57898
57758
57898
55314
58457
55175
57479
57758
57758
57619
57968
57340
58248
58178
58247
55244
57549
56152
58876
57410
57270
57340
57270
57340
57758
57409
57409
57200
57340
57270
57339
57410
57340
57340
57200
57060
57339
60413
60133
57200
60761
60621
60832
57199
59295
60343
57200
60203
59435
59644
58038
71588
59714
57130
43301
59435
57200
59294
59365
60203
59505
60203
57410
57200
57409
57270
66279
58247
62018
61600
60762
61460
59155
61530
59156
59156
61390
61460
61670
59155
59923
59156
59086
58946
59015
62648
59295
62158
59016
62089
59295
59015
61111
59085
59156
59015
59225
62927
74940
59225
59155
62997
61670
59086
59365
59155
60134
62996
59225
59086
59365
59434
59225
59155
59085
59016
59086
30031
61041
60971
160704
49238
61041
61041
49308
60902
60971
60901
61041
60832
60832
60902
61041
61041
52591
60901
52590
60971
60901
52520
60902
60902
60901
69981
61111
60971
60901
60832
60902
64813
60901
52520
52520
52591
60762
52520
61041
52590
60971
60971
60971
70190
52520
60971
69072
60901
73892
62019
62996
63136
63066
63066
63206
75149
63067
63975
62996
63137
63485
63206
63206
62996
63276
63206
63136
63066
63067
63485
62996
62927
63137
62996
63066
63067
62927
63276
63136
63136
62857
63206
62857
63346
63904
62927
62927
63206
63276
63136
63695
72355
63136
63206
63066
62997
63136
62927
62996
64184
79339
64882
65092
65301
65232
75568
65231
64953
65022
65022
65232
65022
65022
74102
73683
64952
64882
64952
64952
64953
65790
78850
65092
65231
65790
65232
65790
65790
65231
64952
65092
65022
65162
65092
65022
64952
64952
72564
64952
64882
65231
65092
64953
76895
64952
65092
65231
65162
64882
66069
67047
66908
66978
67327
67397
74450
67187
67047
67047
67257
67257
67117
67815
67327
67047
66978
67885
67118
67048
66978
82343
68584
67676
67117
67047
67327
67047
67118
76336
66978
67257
66907
66977
66978
66977
67048
67047
66977
67326
67885
67048
67397
66977
67048
67327
67047
67118
67327
67327
68095
69352
69422
69352
69981
69073
69352
69143
69282
88699
69283
69282
69422
83809
69353
69283
69282
69142
69213
69213
69492
69143
69422
69352
69352
69282
83181
69491
69142
69910
69072
69352
69142
69212
69003
69911
71238
71587
69283
69352
69072
69282
69142
69282
78642
69421
88698
69352
69282
69212
70330
71238
71447
71238
71727
71378
71168
71448
71238
71448
71447
71378
71168
72006
71447
95683
72006
71447
71168
71378
71517
71378
71377
71377
81225
71377
71448
71237
71168
71448
71308
71518
71168
71378
71168
71098
71168
79758
71447
71307
72006
81505
71168
72076
71237
72006
71377
71308
71447
71168
71657
72774
72635
83669
73752
73962
74730
72774
72775
72844
72705
72914
73473
73263
74870
73822
72774
100711
76336
76546
76406
75568
72635
72356
72565
72425
72355
72355
72495
72286
72216
72285
72076
72076
72006
72425
72215
71936
72076
71936
72006
72076
70540
69142
69002
69073
69073
69491
69143
69143
71587
72565
72635
72425
72565
72425
72495
72495
72495
72495
72634
86883
72705
92051
72634
72705
72564
72495
72494
72425
72704
72565
81784
91073
72564
72775
72774
72774
72844
92329
72565
72355
72774
73124
72774
93098
73473
72775
72565
72984
72565
72425
71168
73822
71587
73333
73193
74870
74730
76337
78291
79479
79409
79549
56780
79339
89606
88488
79409
79409
79479
79479
79410
79479
80038
79410
79339
79269
79270
79339
79340
79479
79479
79270
79479
89398
79270
79269
79549
79479
79479
79549
79479
79409
81714
28145
28146
79409
89746
79340
79270
79339
28146
79968
90864
83320
82971
95891
81155
81714
84018
85695
95682
86813
85137
85066
84089
85555
30311
87790
87511
101828
89606
65092
100082
66349
66419
94914
33314
96870
62158
63486
70749
80456
87092
105181
102946
114679
105111
107136
107136
109371
109231
111326
111117
113212
113212
115098
113002
113212
113003
113980
113631
113072
111815
113492
111396
112025
111047
111606
113771
115307
115867
117962
119987
122222
124247
126691
128856
131231
133536
136819
140450
142755
144920
147225
149808
173624
157142
159726
162729
165942
169435
171040
171669
174113
187942
173834
182145
173695
173694
173625
173415
173345
173625
173904
180678
171250
166710
166291
164056
164336
161682
161262
158120
157491
155117
156094
153580
154977
159726
171391
162171
164685
167060
179492
174253
186476
175720
175930
175789
176069
175790
177676
179351
179281
194158
176558
174253
174183
170970
170901
169085
171808
171739
184031
175370
185078
171948
191923
249053
73962
83599
76685
65930
76546
63136
182983
74171
65232
67536
76825
76755
65790
66139
65441
66768
66628
65302
81784
69632
70749
70609
68095
69352
70260
71587
72984
71866
73124
201981
211968
75358
73543
79130
193808
213364
147016
70330
70260
82063
83809
78221
75498
80596
81924
81644
90514
91701
174742
261624
236691
176000
192342
86743
84577
95123
87790
84997
91492
83879
87581
84019
76755
78082
224538
224399
118940
224260
183053
234107
235644
236622
249682
238717
239973
247936
241091
260227
242976
244513
244653
253732
245840
364011
251008
247796
247586
263370
256177
88349
280970
84997
83949
264836
247446
247796
159936
239275
222513
228171
252616
94076
92679
100850
113631
101479
117123
101828
91632
91631
91422
90793
90025
93307
93797
119708
277340
170761
178374
276989
279364
281180
283764
307720
292843
283694
283275
285021
285370
296615
300316
297802
289630
289631
289142
298431
301364
297104
300386
305624
318405
332374
323294
341942
331884
324551
322805
324620
329161
331604
343758
344805
344945
342500
334049
334120
341103
339287
419325
113771
112165
192761
203866
186057
320011
108254
222025
328742
323503
326716
333142
345085
340196
353397
347040
347179
364919
346900
357236
344036
349275
363594
351300
361218
348227
344525
354863
346901
351439
359402
352208
353815
361847
354233
361148
360868
383427
362404
376163
363661
368481
378678
366106
377351
367504
381193
375395
366805
375326
362824
380983
359123
364081
371135
363731
370297
365478
377909
361427
364779
369389
371763
382659
399420
391459
400538
386989
385731
408500
392228
401516
397534
393973
405008
411363
406544
415554
430570
428474
444678
449636
426310
424424
426449
459064
441884
442023
430640
430360
430430
438532
426658
426588
431757
423865
428684
445585
421001
431477
412481
422957
430221
419116
427218
423516
445655
440556
431198
441814
146317
147015
158958
161124
160843
150158
151555
168037
164475
176977
303179
191364
369948
330767
348227
419185
406824
472753
420093
166780
167968
162100
163638
166501
166221
202748
399072
182285
166431
162241
164266
162520
177117
172227
192412
184241
181866
198418
193809
164615
158679
170342
157561
160565
172367
185079
169854
176070
255059
166570
500131
527928
187663
186336
231524
198767
200723
537915
507604
518011
504881
358773
507814
364291
528836
517801
522271
538125
514239
249612
187592
215180
194158
240114
266303
193460
212805
186335
191853
194158
226844
215041
235295
208546
206310
218743
185917
228101
232920
219092
281738
184311
186057
196113
177746
191015
180330
186197
194018
183193
203377
204844
189898
199256
201700
202049
595813
571230
230894
409757
428055
417090
447472
413249
413389
410944
435319
471915
537776
519617
505229
220279
216019
201980
207009
220487
242908
210361
193878
209034
209523
239065
530023
351859
377839
384754
380913
380564
412062
373091
369319
367573
487560
389433
367782
386290
411713
464303
510537
593857
197999
200444
197650
196672
197511
235854
237460
237460
238647
245072
246818
241651
214133
204284
223491
222234
499573
208685
212386
298081
301713
303389
322736
342500
333700
363801
224818
227752
229078
218114
218602
220419
220139
217834
221745
216368
233269
228799
245002
227752
232221
228799
234177
270424
256456
286977
241859
220418
263091
237599
688632
240602
279014
230685
232291
233269
256945
234596
235434
263091
252056
281110
257993
238786
295288
282157
278246
279992
290399
317358
318544
387408
384265
442932
439928
704136
690518
691356
231244
553350
548183
545248
552722
583172
667052
576467
564176
642817
244164
251707
242278
258831
230336
283345
367712
272100
267283
272171
255618
272660
587572
603356
688074
691496
736962
691216
694638
703298
703578
709655
701134
701063
710074
710702
717338
717826
713077
711330
726836
728651
760986
763780
243256
268678
245701
571928
252964
360728
355840
367014
358773
391878
397745
423516
424842
290678
277898
288723
243116
242418
249751
274754
272310
264418
242208
256316
245490
301783
272380
259110
326648
324830
362265
368342
426660
427357
541477
512353
478062
683534
497756
628290
732213
682347
675921
743876
679694
686398
685070
691287
701552
698759
689819
694289
707279
776911
697082
704137
747298
811482
952980
801146
808549
807851
807501
799609
922320
816512
851780
931259
847800
816720
276501
279434
306532
280970
325180
284044
281738
276850
942784
892288
268468
283554
644283
268049
271193
288234
268539
284603
294031
293401
380075
362055
399281
389643
410036
446284
444469
489166
536519
766784
319802
296126
337611
325948
322246
378120
382868
314983
340265
1915180
326018
307719
317217
316171
1058231
344176
2653957
323853
302481
288443
307859
283554
289142
287047
290468
293123
295008
305554
301155
305764
442932
355630
406195
312748
329789
352627
305624
342151
319174
343199
345433
373998
377491
575420
423516
515985
511725
584011
565153
596372
620258
601610
327554
355281
344246
323922
391249
382939
413528
412621
446213
487978
492309
506347
516544
555375
556074
592530
588480
661324
773977
726207
761128
873222
810644
784245
791997
788784
931189
361357
380913
387268
365199
361915
410665
367223
352767
371764
375814
373859
372532
380074
428334
414296
369599
379376
379865
406614
388246
386919
361568
358913
385383
384754
384544
400329
387617
382799
381541
419465
404449
384055
362475
383427
410246
398303
376373
378817
369109
361637
366804
371763
365199
366455
368062
368551
389154
370716
382240
380075
387757
383008
423865
482880
372880
356398
399560
430849
400887
391948
398583
393833
380284
-999601418
420023
385592
391459
418767
399979
383497
412132
398373
423726
418696
420862
428823
411712
417299
407033
386290
433224
391179
407941
426518
391458
414716
424563
436157
415275
398862
408290
440278
397046
399072
398164
405776
385731
404170
1250922
1159150
1105374
363522
353326
362545
364430
684511
483719
518709
475547
483508
492938
488328
441395
434411
395649
505788
419535
421211
428963
406125
435947
420373
424773
415623
441884
422468
457808
415553
430430
418277
407313
434551
424144
424424
469610
424912
412411
427147
425122
440068
425961
479878
449706
470798
450404
432317
392785
442372
1095805
1099018
1105932
1113614
1120598
1121925
1105933
1160757
768112
373509
377910
373509
373859
449496
380983
376093
386849
377630
461509
461161
562010
486093
534702
691356
570950
703090
881533
629128
489167
1294154
1201823
672360
537147
493287
508582
798632
1154122
402424
383637
629337
742898
506558
743667
386430
385802
424424
421839
384125
716149
500201
416532
392366
470798
387897
397116
700016
479319
456412
382449
388944
1168021
403611
388944
1176052
390691
433503
1196515
1209926
389852
1177938
1173120
1331518
1320902
1176820
1193793
1286959
1248756
1190090
1392140
1331449
1201964
1209087
1201055
1302953
1199449
1200637
1203500
1188275
1185621
1184363
1172141
1178567
1171582
1180871
1281721
1204338
1153145
1277112
1217537
1227874
422398
483718
524366
516543
592182
450265
409687
399700
427147
728511
831248
855971
788714
788155
784034
796956
789412
787038
878531
782358
782778
825032
821749
818676
793463
794371
792136
841863
793882
811205
427497
429383
451033
437624
431408
434411
521853
521782
468913
428265
419674
419604
432246
518920
461858
524855
448239
510608
456830
465141
1265797
1376915
1292687
1314407
1309030
1447523
1307354
1296947
1309169
1308959
1322509
1312312
1384248
1322508
1309937
1338433
1528470
1344788
1340528
1340667
1331867
1347093
1342134
1329003
1331031
1387810
1375169
1364415
1366578
1360432
1408902
1402128
1355544
1359524
1338711
1348490
1387042
1386763
1345696
1353937
1341086
1348280
1386064
1356661
1357010
1403036
1408133
1425035
1345975
1371118
1679118
1373143
1375448
1636305
1386762
1373074
1451784
1381594
1456255
481135
735775
462906
557610
886910
1086586
1187226
703368
1121995
481764
477503
547762
616556
736613
879788
923437
946485
1040421
1043634
1035392
1084212
1115919
1134357
1082256
1017514
1005640
1001519
1000542
1144834
1270966
1163062
1187087
1219843
1184224
1135334
1026941
1156567
491680
477572
831457
834321
1427130
1420565
1453880
1498718
1419168
1428877
1486076
1472597
1439632
1435443
1440051
1429435
1451505
1507308
1457581
1465892
1514222
1524210
1499067
1516457
1614585
1501231
1495365
1549771
1508146
1524630
1507797
1505214
1515689
1525746
1569676
1525607
1584343
1544463
1513384
1570444
1550958
1555567
1556686
1478184
1465405
1459397
1487404
1487333
1461702
1471479
1444939
1466312
1533848
1543625
1485099
1489568
1578266
1585529
1506750
1496902
1520578
1504374
1604876
1585462
1591256
1535316
1508844
1507728
1513174
1519041
1514850
1518971
1518412
1521206
1535314
1547676
1531543
1545441
1648247
1635816
1555149
1550261
1640845
1563948
1623594
1567232
1560037
1554031
1539435
1552146
1541809
1587555
1584205
1534755
1542787
1528190
1540692
1535524
1535873
1544813
1541600
1541530
1533009
1530845
1523231
1539784
1542787
1543206
1538666
1541809
1587766
1541530
1598240
1589720
1714037
1599987
1613117
1624641
607618
731095
701413
699807
828803
855761
860860
865749
1120040
1048382
1138827
1345976
1190090
1381873
1397448
1409181
1446546
1494108
1493200
1479792
1472248
1471969
1429924
1467708
1420706
1426502
1444033
1397517
1382362
1379079
1368324
1405409
1402826
1423639
1374330
1403384
562430
827266
836695
962758
1101533
786619
1143786
1035043
1224313
1321602
1373981
1399962
1330263
755609
564664
800447
798632
884605
676340
727045
569344
563617
596931
589877
657063
706371
598539
594835
711539
893825
600494
575420
563547
607058
641070
659229
910657
847451
560614
1134147
706511
941526
556493
910586
677527
559846
798283
881882
802193
808828
1700141
1787579
1790024
1701676
1724653
1789535
1723885
1799663
1768513
1791211
1779410
1824666
1779758
1860215
1867059
1848760
1835631
1882285
1877745
1814958
2128054
1898488
2222131
1960158
832993
622842
858415
639534
1118713
1055018
1507448
622284
777400
939152
1151398
1005570
1058999
1248128
1284375
1527701
1344718
1358407
1699651
1506540
1565136
1628063
1525397
1532381
1537409
1629250
1821384
1958480
1906379
1919301
1854208
1860563
1863497
1852252
1996195
1966583
2007369
1956874
1968468
1896392
1909452
1964487
1903585
1923282
1978385
2002481
1935223
1979084
1984672
2188538
2853004
782499
676131
1084770
808549
1942208
1494108
1029736
942435
1121157
1152446
1234439
1231645
1237932
1213556
1322928
1420356
1450038
1509823
1458070
1529378
1581200
780263
756029
848218
1250921
683744
686676
688702
735425
735147
743249
748206
676759
768949
734937
755540
747718
761896
679553
736822
729630
696384
770974
801355
772162
747579
753654
755400
766435
789344
951025
939082
989507
967577
1055506
1402896
1212649
1166764
670752
668727
667610
655807
656854
653083
685419
691216
697223
1271175
1107538
649451
842212
656365
769438
748136
758822
2099211
2337089
2208651
2195870
2454002
2093902
823635
705394
709654
745342
721876
839349
747089
885933
926441
855483
852479
841723
874269
837114
923647
878879
902206
807502
715870
747088
743109
731095
728092
707279
725019
759171
737171
730955
706232
722016
724880
733959
716079
734378
722226
734727
1147906
882790
866377
956891
711959
693451
716010
714124
1549910
1596844
1023728
1008714
705882
784803
790530
797655
1131284
927000
1026872
1072687
1022751
1123392
1145603
1234648
1199868
1200217
1180103
1242960
1308960
1305469
1321182
1566952
1378242
1398985
1412743
1430063
1422382
1486286
1378940
1381385
1367417
1397797
1595587
1375169
1530495
1579454
1587695
1587695
1568279
1514921
1523720
1533359
1512897
2161089
1592095
1354007
898294
814555
843191
732352
752606
868961
1454858
1451854
1448083
1443683
1400661
1461911
911355
736962
826707
854714
898225
727045
880555
752187
797374
795070
891101
878879
1017304
1004383
730816
956962
792556
1053621
1046218
827057
745693
1120249
1389417
971697
738358
891240
917500
915265
924416
917920
881742
869170
968834
1219912
987063
991672
979870
970022
1065983
998865
1050618
1067101
1141481
1222566
1251691
1417213
1361830
1567092
1375449
1414209
1378940
1416165
1396820
1371677
1403245
1380826
1380547
1415257
1410508
1376146
1382922
1386694
1391023
1396960
1378172
1377824
1575752
1672692
1755523
1762716
1756570
1802457
1748259
1796868
1864546
1741345
1785834
1754196
1744976
1844990
1845268
1746234
1774938
1874950
1880538
1888989
1943744
1891364
1868385
1871669
1910989
1871599
1969795
2077699
1922792
1865034
1873624
1983344
1928870
1929147
1892760
1874951
1859236
1963020
1940042
1956245
1849389
1928240
1931801
1882563
1922024
1853439
1940743
1910152
1861192
1932429
1928240
1924677
1918323
2836522
750650
723133
721667
761616
748835
755400
746669
747159
751908
756658
778237
800239
747997
760359
757145
758962
746600
775585
825102
778308
822307
896829
844796
822238
832644
876714
878040
939361
1000473
877762
913520
929374
904300
916244
902066
999564
755261
759381
753724
747717
1392071
1426851
1429365
1513734
754003
778098
745484
737032
761406
756587
746670
842213
845984
876784
949349
1009760
1011646
974702
1260979
1175634
758124
734239
743598
825940
861768
1018352
965551
840815
987761
888098
908352
1257487
2265084
2491089
841794
854574
2218638
2177713
2426834
1160828
881532
733400
750092
750441
808968
804498
905489
957800
954586
1039234
1338083
1141342
1142109
1221589
1342973
1341016
1753917
1306306
757076
768391
728092
725019
822726
819374
933215
995304
1050130
1055926
1070452
1079043
1086586
1122484
1061233
1557943
1524210
1616679
2375011
1552076
1542298
1720812
1784578
2679938
794022
724879
758124
746670
726556
739546
733959
812950
753025
765876
733680
782149
775445
755680
765667
783965
779216
846822
770974
762454
753375
751838
860441
825310
1196306
762315
1164459
751559
799539
755260
835298
761336
756447
1063329
786620
746600
857996
768600
754702
980218
871966
752327
766016
919107
747788
750930
862047
942365
734448
819654
845216
821889
996002
2207325
980358
958428
1324325
1203849
1034624
830200
934054
857856
814834
830201
810364
805546
815463
814974
1118573
883001
1076528
1187646
1206713
1194490
1314198
1464986
1347302
1700627
1715645
1819497
1849250
1845270
1909732
1926703
1952197
1932639
1883331
1861752
1945909
1862449
1903308
1884310
1858399
1887383
1873903
1942906
1989211
1874322
1875649
1993052
1870900
1941020
1945629
2038658
1975873
1937669
1900093
1907008
1928379
1960016
2109965
735565
755400
875108
878879
941736
969393
1082674
1086586
1047894
1142249
1205385
1191557
1192326
1318947
1344579
1383480
1373284
1386203
1584482
1522186
1556336
1660120
1552844
1733174
1594401
1912735
1861122
1837029
1745047
1878163
1869992
1953872
1955617
1880259
1942347
1910429
1884100
1936272
1975452
1948074
1970774
2007020
1947446
1949751
1932849
1960437
1867967
1889829
1865871
1989700
1956527
1951567
1931243
2007440
1911128
1880468
1878304
1906309
2004437
1861821
1930195
1972032
1931871
1880887
1876488
1890036
1899255
1878794
2006322
2236657
871405
742898
723832
755260
952771
863444
736613
819863
1056414
1068357
1057183
1283747
1378800
1426714
1537968
1616261
1694063
1656698
1685613
1627085
1657326
1696437
1700699
1974755
1946677
1947308
1890246
1964348
1954360
1936970
1872647
1965325
1904633
1904773
1936340
1927960
1857630
1893179
1899117
1990956
1897091
1945629
1877326
2513997
1113893
766155
755261
777050
738987
776212
772162
869101
880136
1005081
981475
1050688
1163621
1369303
1347931
1659910
1556685
1388927
1425384
1381874
1453181
1398565
1681910
1587276
1555359
1673669
1696856
1857420
1867409
1760062
1880887
1943467
1960785
1937878
1936692
2031953
1930964
1973357
1964067
1932989
1882913
2033211
1867408
1950239
2018056
1947934
1930893
1913574
2003179
1908614
2462802
2198734
2186441
2210118
2249857
2190354
2188676
2202994
2257330
2268295
2199572
2213192
2185184
2255375
2187979
2242804
2251325
2174359
2201737
2184695
2183229
2189375
2247553
2169611
2245596
2184766
2206276
2235400
2184418
2263546
2190492
2245457
2187699
2205999
2197058
2181832
2190073
2251184
2180157
2195241
2198105
2182810
2246435
2154107
1381387
1894996
1975103
1913644
1906728
1879072
1967143
1867199
1896671
1931452
1938786
1972659
1890525
1954153
1944093
1950449
2004228
1953033
1902468
1874531
1890315
1873136
1898417
1958690
1930545
1959040
1965115
1926355
1911338
1918671
1935363
1980480
1911128
2172962
1883052
1931382
1882703
1877814
1931033
1950590
2010791
2421457
736334
898574
1140363
943623
1354357
1383270
1573798
1411906
1426082
1505493
1515829
1549981
1553894
1922932
1615631
1560108
1537689
1686100
1618843
1747840
1830254
1754545
1902399
1950728
1977547
1947098
2010861
1984042
2011142
1934315
1918322
1882214
1958969
1881797
1987185
1875300
1944233
2004715
1863566
1977338
1939624
2007371
1974754
1973426
1903377
1904424
1968887
1950240
1937738
1879700
1939064
1920068
1965953
1939833
2387236
2071972
1899745
1938087
2091947
2003737
2086639
2580695
2515044
2568821
2560649
847941
793254
738289
752257
728721
736613
728652
740594
750302
1058021
799120
730537
731305
861139
730747
724320
738708
755751
867425
872104
870568
1040142
928466
966459
1267613
1047336
1138408
1166206
1211183
1222636
1194909
1412744
1302045
1354566
1393956
1437537
1449828
1420635
1419169
1380337
1405270
1599148
1378241
1583155
1373004
1390744
1654043
725927
1074433
755469
742549
748556
728023
749184
747857
817419
855133
1566533
1562343
1621987
1590139
1598800
1570723
1654603
1748260
1557314
1810698
1063259
1060605
735147
750162
749742
830619
821679
869171
871056
897666
873990
970929
998307
973513
1051038
1411067
1199101
1181710
1250922
1308540
1305956
1311404
1539295
1561364
1542647
1108236
747997
754352
770276
831317
816022
815254
876714
908422
972956
971488
983430
981406
976866
1021633
1047265
1056066
1047545
1075202
1076040
1186040
1147068
1168301
1256719
1226687
1228572
1194421
1188204
1307006
1375448
1567860
1538877
1607250
1556127
1744557
1542647
1577708
1543974
745622
729978
736543
962828
745204
857787
757985
910518
1026034
780404
770626
1007316
744714
758542
861837
781451
749813
751768
729769
777051
758333
783755
807641
828872
757915
815882
727115
738498
836696
2258657
757845
822100
1485168
730956
738639
836067
916034
900530
896478
921133
775096
749323
1006200
753095
796327
821260
955216
885095
1074713
1160268
1146160
1130446
1381454
1215933
759591
823215
863725
811273
1329213
794162
755051
771952
723692
766294
751489
747298
748138
747228
810854
766575
808549
752397
737101
761615
732632
725438
977564
1129747
861069
779844
800379
792555
925323
970580
845774
759800
826987
875457
791160
813996
765318
745693
966320
880136
883838
868123
871546
898505
729629
744156
905000
747718
738498
752187
758193
726277
725229
733051
749463
733819
798702
740384
789762
845006
867494
799819
820492
849686
1068428
1074852
1051456
1037699
1104884
1158802
1192395
1190579
1203082
1206153
1899255
2335624
2195102
2197338
2172892
2195661
2186581
2238404
2226460
2354619
2273463
2185813
2188606
2183719
2204111
2259076
2432770
2263267
2171287
2245038
2179038
2234075
2170797
2184349
2256212
2315368
2182181
2164653
2366700
3263808
764550
966948
967438
1087983
1047265
1158801
1158383
753653
766854
940408
746530
776073
728303
990136
827057
893406
912961
809457
763641
825382
771464
794092
1861541
1949261
2188956
2348821
2591380
2475934
2501703
2053254
833342
874828
873850
831527
756168
733121
731026
812042
720620
741222
915265
1404784
1394026
1386972
1425245
1393188
1558292
1670037
1770259
755400
1021844
732981
873012
820632
886421
1232484
1074573
727254
1045100
876225
757076
1049849
763501
946904
1216769
1076110
1118644
724669
783755
865959
992859
973723
2293021
1135963
1507028
1847433
1680863
1709637
1044263
1400521
1190649
1511149
1415747
1513244
1518414
1559967
1618494
1616680
1548514
2257819
1710196
2167237
2255375
2259216
2187420
2288130
2194543
2209768
2243013
2191959
2186371
2188258
2195032
2249509
2181622
2189863
2191680
2175338
2194613
2252372
2290086
2256142
2246155
2251393
779216
2197618
2183648
2228835
2182321
2242105
2243993
2182740
2289108
2205719
2236587
2197057
2268783
2336879
2365725
769857
738289
1150631
1358756
1340249
1385856
1517924
1616819
1539924
1540692
1639866
1720113
1766208
1810627
1970424
1981738
1887732
1868387
1905541
1877954
1999966
1934595
1948004
2158226
1984880
1927611
1928659
1885357
1889128
1882146
1877604
2003039
1873903
1892062
1883261
1870202
1893110
1967350
1953872
1875092
1899954
1947655
1951706
1931522
1878513
1867339
1900443
1966164
1933477
1872157
1929778
2006322
1872018
2047111
1980759
1883680
1954848
1892830
1927612
1923071
1882843
1933759
1940042
1946260
803241
905977
977005
1005500
1177658
1343042
1433416
1485447
1437397
1402197
1384388
1383410
1389835
1440749
1670945
1556266
1907217
1918322
887749
888726
887400
906466
879228
888378
978542
926789
928257
935939
825870
982523
857019
833482
727673
750651
1075342
907304
1226757
753235
727603
750790
1028200
1064027
853037
1048314
1048173
1132890
1204548
1250014
1404642
1533081
1591327
1573517
1699861
1579105
1750215
1876559
1984252
1270966
1382573
1572401
762315
861139
806664
880974
1240166
1811116
2042222
1754685
808130
996143
874549
883279
1003824
1244985
1294293
1313080
1540064
1595098
1839123
1747072
1841217
1818798
1947027
2048087
1950660
1913712
1995916
1890456
1993052
1964696
1879491
1949752
1914899
1971610
1929359
1901910
1952195
1950378
1980131
2001363
1943465
1944164
1874743
1909103
1932570
1876977
1916994
1918113
1880957
2006810
1929007
1950798
1901840
1925586
1997453
1872715
1956735
1961135
1928310
1961484
1885846
1963998
1885079
1961204
1954011
1958481
1874462
1935992
1925656
1870830
1933827
1900093
1901212
2039985
2082448
2003390
1956874
791509
1627085
1551796
1609207
1632951
1625898
1824387
1915529
2009325
1867617
1918531
1920487
1952754
1957715
1914062
1893179
1907917
1875579
1907496
1964068
1932010
1993122
1967629
1914062
1957504
1873903
1903585
1860913
1884729
1941090
1872855
1935084
1950940
1941509
1986766
1958971
1945699
1914830
1926913
2005064
1897441
1887731
1943395
1888571
1927471
1985300
1963302
1880608
1991027
1936271
1922094
1960856
1981668
1921046
1944303
1883541
1902189
1869363
1873973
1958411
1948074
1875649
1945980
1999966
1899116
1909871
1988233
1926214
1911967
1952474
1891434
1888640
1991096
1925727
1875369
1945213
1891783
1948354
1956456
1934595
1868036
1936341
1933617
2006042
2001781
1979921
1982298
1870271
1907706
1861753
1951426
1930125
1934665
1975314
1957224
1877326
1945561
1977268
1980411
1894088
1944931
1991794
2031953
1875999
1880538
1896113
1933617
1947795
1964836
1878792
1885638
1992144
1992213
1878163
2253209
2289178
2253140
2175406
2180156
2177152
2249438
2249579
2199571
2248111
2173801
2198175
2248322
2189514
2252999
2204670
2266831
2195032
2242035
2344352
2184416
2222410
2262290
2330803
2419292
924626
1139246
1391372
1391930
1323696
1536710
2186652
2186232
2211796
2249578
2246016
2211096
2250904
2245876
2328219
2188676
2195384
2245038
2251114
2198315
2183788
2189584
2196778
2169540
2251116
2184905
2202784
2248251
2211374
2206626
2208862
2281565
2258447
-997748326
2262429
2208863
2244060
2216683
2249229
2245457
2191682
2245808
2250625
2372498
1929497
830968
804428
755959
761617
840466
931608
1051875
1162992
1367696
1570793
1571981
1546000
1548095
1604387
1618704
1709288
1641262
1546908
1609904
1818450
1851414
1803714
1945909
1945839
1924400
1939553
1867269
2024620
1921116
1952335
1935924
1919160
1924119
1955826
1963509
1975734
1923700
1955757
2034537
1979154
1958340
1920627
2073020
1905401
1873484
1872645
1875789
1871529
1927960
1919928
1997941
1890665
1970004
1888293
1953103
1953242
1949892
1883960
1954849
1948353
2033351
1954010
1940950
1926633
1995147
1899745
1985300
1919441
1909872
1951706
1879003
2177152
2142863
1912106
2186651
2179109
2251603
2250347
2179737
2182532
2186650
2188467
2246225
2250974
2187629
2183509
2190492
2195241
2179317
2187071
2280028
2195313
2260822
2185394
905767
1021564
974979
1207830
1332705
1360852
1489429
1419378
1373005
1386134
1440958
1464288
1476089
1425036
1612280
1679117
1719275
1587765
1662913
1743789
1798685
1826132
1799244
1889058
1964976
1921535
1952335
1995008
1930405
1939483
1938366
2008000
1952404
1988512
1943884
1933477
1873275
1862309
1940182
1934455
1937249
1957782
2005624
1941299
1906868
1883960
1886894
1955479
1959738
1913642
1947237
1893598
1886125
1876557
2072671
1895207
1894646
1915738
1928311
1947445
1939903
1915738
1931243
1916366
1963439
1936341
1966443
1938647
2091458
1944931
1961903
1937249
1887174
1880119
1886126
1990957
1922095
1062072
754632
813368
776632
869241
858974
883977
960872
952980
834181
1115151
1141900
1121576
1273899
949069
1376216
1347512
1567790
1571282
1570933
1705586
1569816
1670526
1668431
1540901
1682958
1629041
1855815
1872715
1758387
2004854
1912595
1999547
1930335
1922513
1936969
1947796
1894716
1952474
1942138
1962322
1987534
1945700
1971541
2081612
1896532
1940881
1957573
1911407
1939554
1928658
1879561
1879421
2185396
1860633
1865034
1884030
1873766
1950658
1866360
1912106
1891713
2037262
1926912
1876207
1864475
1879420
1927820
1905680
1920070
1877465
2224856
1991306
1993052
1901978
1924748
1969585
1931173
1975732
1942140
1887871
1939274
1933270
1955827
1889827
1939344
1967909
1898557
1927122
1864824
1954010
1927261
1913363
1876419
1941789
1999270
1906309
2065058
1913363
1878233
1952127
1945839
1892481
1920906
1892691
1973147
1968118
2007439
1926423
1976220
1895134
1879982
1950658
1945630
1902400
2001572
1906519
1934106
1949122
1878932
1925446
1919160
2004087
1889058
1899465
1955130
1982715
1948564
1975871
1887452
1905680
1863846
1942696
1946958
1938925
2009814
1916858
1911268
1898138
1924538
1972310
2008138
1956804
2019452
1978178
1986067
1877395
1883471
1902957
1929985
1890944
1875091
1874952
1865522
1877046
1917764
1880608
1927192
1960296
1927122
1918881
1967210
1904982
1963022
1877395
1927401
1969238
1954779
1859796
1964977
1905192
1947238
1906449
1927611
1909243
1899675
1999477
1880189
1959249
1913364
1946677
1877884
1943395
1953242
2003530
1890874
1967630
1890455
1941929
1935924
2041731
1926912
1875091
1906798
1954501
1879700
1902188
1876208
1878235
1923630
1933058
1888571
1999128
1902747
1959528
2095788
1979084
1448083
728931
968973
897107
943971
983011
1193372
1144554
1127304
1190928
1179475
1299951
1357359
1564090
1638958
1545162
1691200
1629459
1664661
1652856
1558152
1628971
1538178
1670876
1543974
1659841
1632672
1610044
1531053
1665497
1544044
1543066
1599288
1590139
1667942
1687008
1710476
1730100
1799662
1853789
1899046
1999129
1866360
1903096
1896672
1981528
1950309
1910572
1860703
1860145
1870692
1871598
1888779
1874533
1880119
1877186
1856584
1724164
1933338
727394
1694761
968765
730258
854714
965832
966459
972466
1050688
1060116
1141131
1349539
-998809770
1392839
1529587
1369022
1382642
1468686
1390464
1369583
1551517
1480908
1709708
1529168
1539365
1602850
1545232
1538876
1669549
1548234
1615212
1595237
1581060
1538526
1570584
1653624
1534266
1624501
1688545
1895484
1867827
1952684
1998151
1994030
1885636
1956316
1932641
1914132
1924818
1978038
1912455
1878373
1949192
1956664
1890246
1992563
1872506
1867059
1970982
1916437
1956875
1885357
1876978
1903795
1962182
1903797
1934804
2082378
1938785
2247343
1926493
1895204
1862659
1965744
1918253
2319209
1875301
1865452
1923700
1929497
1879071
1980481
1859865
1924749
1887941
1981880
1925725
1991936
2000245
1889757
1907428
1864963
1865173
1888779
1887173
1918533
1872925
1876068
1876069
1916226
1989211
1876627
1886684
1923770
2003041
1929567
1972380
1888221
1924049
1982436
1914900
2016798
2034188
981546
1006967
1007875
766086
803382
776981
746949
918199
779007
772581
837742
729838
1049151
880136
1005221
1107119
971559
959126
991813
995723
1066541
1114732
1274389
1200706
1412673
1498089
1575752
1553543
1603968
1600127
1551937
1555707
1540413
1589303
1621009
1538946
1698325
1547327
1585251
1565067
1613187
-998432557
1562342
1609067
1642240
1551029
1557035
1542647
1596564
1617447
1559968
1558921
1683656
1706564
1791981
1771586
838722
1064446
2183578
732143
738080
970650
799051
968904
1061653
1104255
1047475
1258743
1186179
1378243
1417702
1530984
1550400
1543904
1614304
1542647
1568000
1537061
1544114
1534196
1568210
1632324
1760760
1880121
2168632
2177432
2195590
2193426
2195940
2265990
2186232
2243782
2281146
2195731
2196428
2210885
2198177
2187489
2256981
2244829
2192378
2214728
2185813
2177362
2226323
2214727
2211444
2185326
2246435
2244479
2333456
2251323
2244270
2245038
2263197
2249228
2214448
2378437
2176175
2245596
2569379
2339044
784384
958358
924275
975119
933634
732843
778518
821260
825242
817209
1108446
876225
1048383
1181360
1556126
837813
1150281
743247
733331
742479
755610
875247
918968
939012
932308
925602
980777
989995
1320344
1079532
1196725
1410089
1314896
1316991
1312731
1386483
1471968
1535733
1725910
1547187
1590070
1542787
1594262
1585390
1549352
1542299
1574145
1579314
1806926
1544952
1555359
1672202
1531821
1660400
1601942
752536
790182
754561
769508
827825
1126675
1013882
1053621
1065704
1052574
1063818
1048592
1062212
1155449
1351353
1388579
1384877
1392420
1377614
1380896
1428387
1372586
753165
760359
755190
915336
882092
949278
938243
974701
987203
1085817
1062561
1178567
1167462
1282630
1337036
2221781
2232607
2235679
2173661
2175896
2241476
2188608
2277724
2268365
2245178
2416218
2187629
2215355
2201038
2285546
2544027
2275700
2219337
2235400
2488783
2220036
2247483
2310758
2172682
1297576
1413232
1185830
1412603
1187996
1469594
1390325
1372167
1370769
1381594
1373074
1460863
746041
748975
1546419
1533708
1731428
1900582
1947866
1992773
2078188
2080841
2068340
2199293
2271228
2439826
848361
767971
1214956
747857
967228
864980
843329
832923
854993
992580
1051247
1704678
1209785
1202522
1436140
1377683
1392070
1396819
1510242
1395213
1387460
1134567
1001240
867355
999285
770905
984338
849616
830689
993069
1084002
749743
732562
821260
1117595
844936
746809
763361
745553
990415
788924
997679
1159222
1020167
1263912
1202871
1228503
1209156
1229690
1181430
1196585
1179894
1223195
1232414
1188694
4478555
1541320
1378242
1388091
1568628
4549651
1927261
6140628
2182669
5355755
2169191
2580624
2169263
2165838
2285197
2231768
1868805
721667
1223893
1230737
1390743
1389347
1580502
2530339
747369
731235
746391
791508
761825
750372
781800
775514
754352
805965
767902
744644
952771
783826
747439
754282
969254
894803
1796938
1939835
1788208
2187140
2315719
2189724
2578599
2199783
2251673
1800570
1147349
749673
811482
854085
1109563
911285
719431
810156
1121646
907374
934472
954168
1303093
1572819
1410998
1672272
1379569
1726051
2056677
1783319
2128895
2393939
2177222
2333038
2173870
2176106
2247273
717686
735286
822936
935869
896690
748067
724530
731654
730326
737940
808060
820213
837044
812739
878740
882581
891381
952352
1214325
1202173
1515200
791228
725508
749674
771045
1063399
951304
1096783
928257
810435
932029
729559
816162
1248477
768669
1017793
721248
882231
866237
1230109
1346045
1337455
1531193
2245527
1933617
841096
977145
859673
814206
860371
861069
726067
837743
797723
902764
835298
763083
900948
1042656
841514
968694
882651
889914
871406
883488
981755
893056
832364
1092872
831038
877971
885653
883768
870917
877342
924766
833762
2206207
853038
859044
931330
2202227
895920
756938
739057
855343
813228
883139
898015
875387
969253
997748
980288
982453
1012625
1064236
1126606
1126185
1149093
1141132
1208877
1396540
1424896
1022471
1784368
759031
829850
831596
906396
875736
990834
975399
969811
1226896
989857
1355962
1315874
1373143
1411346
1370070
1539505
1528540
1554171
1537898
1674787
1527981
1642171
1606554
1608507
1559270
1547327
1539505
1558362
1593561
1654462
726417
1043145
813927
756168
886701
985108
1106072
1233462
1205176
1357918
1519880
1489569
1369861
1421613
1407716
1395004
1444940
1438586
1448851
1423778
1409880
1384527
1385226
1373214
1506819
1528051
1531612
1695040
1593561
1673319
1617517
1819986
1851556
1872436
1758456
1786951
1939833
1880470
1878233
1919859
1869922
1960855
1901560
1985718
877202
1004523
1103488
998795
1396400
1438514
1704260
1578685
1584552
1595656
1530565
1662564
1552914
1549284
1593981
1604178
1602154
1585669
1590139
1586929
1536781
1590209
1536013
1559060
1628273
1664311
1688825
1935643
1915039
1938017
1907079
1923770
1977826
1943325
2027972
1020027
751698
899412
736682
874340
886562
807990
851361
732213
738149
774955
757984
761616
781311
797445
796258
729279
770415
726765
736612
759870
770974
764061
751349
766924
796537
834460
1092313
977913
991743
1297226
1112707
1203850
1229620
1198052
1215024
1241004
1514432
1399474
1555149
1539644
1551587
1550400
1564088
1592932
1589511
1592095
1692736
1740087
-998176033
1790444
1860773
2261660
2188049
2220384
2185813
2186092
2173031
2193357
2542421
2191051
2187698
2237425
2250906
2180784
2189724
2204672
2240359
2245248
2254188
2179388
2181204
2195731
2275140
2253000
2173523
2185254
2270600
2245178
2178829
2204533
2242105
2195311
2195940
2264943
2194895
2226670
2172962
2209839
2196429
2338208
2180993
2180505
2177082
2173661
2178412
2176663
2228907
2416707
2274162
2197756
2574827
2180087
2461894
2290505
2346168
2709480
2386118
2241197
2395266
2178271
2181901
2197826
2171705
2220175
1043006
850314
900041
930701
876993
1137360
875666
1048174
1068916
1229481
1140923
1167741
1365670
1186878
1186529
1396959
1391581
1340527
1351423
1045938
730816
845984
854364
833412
786829
727882
724181
738009
790321
769508
858136
833203
848359
832295
829223
785152
827475
831736
849825
837114
863933
832364
823705
823495
845355
816720
845913
817628
831456
822308
832435
844657
730816
721039
878600
1162154
1170535
951234
1190788
1323836
1241354
1338851
1485168
1443822
1684914
1530565
1636932
1796589
1738203
1824526
1744627
1771868
1826411
1738621
2015961
1393118
739895
768321
834320
948720
778657
-997766975
2202016
751419
858765
877901
986574
851222
817698
760848
782080
782708
744853
769857
724670
760847
734378
981964
723693
741920
1000681
721737
927698
1023869
814905
757984
725089
746670
743806
754422
782498
790670
812880
873152
756518
764340
789273
811064
783965
1118294
805476
1039374
1297227
1179404
1185969
1327817
1190230
1231716
1345069
1190998
1481607
1464707
1591536
1673669
1521766
1525885
1714316
1570724
1527841
1558711
1628902
1528191
1526165
1666687
1704818
1801059
1788767
1785973
2080634
1726120
1742044
1037838
759730
821888
748766
815882
866657
1306584
2197057
781102
740175
802961
823145
828034
862257
819723
806733
2470834
804638
778377
818607
853806
890543
872872
1182268
1157544
972396
1082674
970510
1035322
969393
984968
760430
2394986
869311
871475
741920
743387
719712
758683
810505
828594
969463
984618
947533
971209
738847
766086
718036
756028
737311
776073
868752
798911
761196
770835
779286
749534
730258
730187
854016
804918
832575
813019
1062072
792486
876645
867285
883139
908002
897736
916104
962199
963945
739057
729349
736333
714055
754284
806732
829222
735425
737660
715032
712448
735216
734308
735636
756378
824123
861349
861977
856111
857508
949558
1019119
965831
1096085
883977
735285
710772
718105
749673
1027082
1060604
1044891
1139945
1132054
1109145
1167042
1194770
1175005
1169138
1162294
1175494
1162643
1246033
1279977
1340038
1440190
1355265
1479790
1506679
1808044
1505631
1498578
1520019
1501650
1540203
1501371
1516527
1517854
1568767
1507587
2128822
2142652
2154804
2161578
2152152
2456097
2569240
2145724
2199851
3095842
2480611
2390866
2130499
2142581
2348822
2431095
2134200
2125750
2107591
2129521
2185048
2184067
2132105
2143491
2132175
2148588
2135318
2149495
2162975
2192099
2145726
2139508
2146283
2129452
2187559
2141394
2192727
2540954
2309294
2139299
2273463
2117789
2449881
2396034
2185115
2138181
2132386
770346
752327
812599
784104
890891
747368
836834
784175
930702
710073
2164581
847801
1265589
1193163
846612
712099
727394
2225134
2139857
2168563
3245583
2310689
2419780
753026
749743
755190
779915
751698
731864
713566
785571
-999112461
950885
1020167
979450
933426
712169
732981
721318
1013672
875736
709095
715521
734378
713356
709724
769647
742200
708887
799470
845076
804707
712378
707629
792765
773559
823844
825520
842212
869590
1213277
771882
730466
712797
708747
696594
690169
808759
813228
1089450
872593
1016606
1275227
1146230
1249944
1250992
1416864
1262934
1366159
1363157
1357289
1370210
1327048
1466032
1373353
1504933
1458210
1494318
1627574
1606063
1681351
1839541
1855674
1856234
1822430
742130
1030014
933774
960524
1006827
1176052
1186877
1153982
1152027
1308261
1298064
1331169
1498927
1346325
1471898
1326978
1516876
1729751
1728915
1850786
1354705
700156
1014579
1035043
1219214
793743
818956
822169
848428
752117
837882
752327
797304
788155
791229
792764
821539
758193
796117
691426
682137
901717
796117
929793
794441
777051
772441
771114
931050
750930
731933
763502
710354
788295
732004
753654
730537
747439
749464
766575
789413
737870
724460
756868
698689
709724
762944
717826
737870
750162
754003
1923282
723622
883628
741781
772791
741153
787177
801915
778238
830339
764060
724809
738289
733330
756238
734168
725159
722086
727953
854994
716988
765457
705184
706651
721806
-999278334
724321
728302
762663
724391
719781
755050
685978
704206
649801
637928
568924
603495
578842
591413
627311
725579
601261
580309
570531
607896
608943
583941
644283
849615
655807
667331
675851
703788
700436
666772
686189
687445
714613
710981
713704
780752
727743
886213
777539
845215
855272
841304
762245
541547
849405
877132
861629
870637
862187
1026732
917640
895431
873362
907234
543014
530931
566271
544969
860511
547764
665794
629896
716917
725368
759172
605451
915754
900599
958218
797514
535261
542664
643515
686747
698340
533376
550905
535401
539731
599375
588969
591903
601051
588829
626334
519896
556214
584429
588061
553280
531909
530582
535540
1536991
530233
1733383
570253
601330
539801
1548584
521084
536099
774397
686048
535680
518570
587432
584778
781939
849965
1724164
607267
1075063
620118
563268
628988
649661
733330
576119
604893
584289
561661
566550
553909
539103
569064
559636
1483702
532607
562709
563965
562848
564385
499712
523877
512214
525764
507884
508443
512633
544062
630454
482112
546227
548740
473662
585268
455642
588830
453337
1339620
507535
592251
464931
455852
440557
441953
451312
443769
443840
484975
436367
441745
435459
506347
499154
522411
520106
582613
586315
575350
580867
644562
684441
439371
514030
449497
448799
437625
1335569
502925
582963
446353
470100
452919
651407
442582
444398
465770
841933
473661
610271
435668
446494
447751
444328
1311334
500062
441255
452220
434620
524366
490772
488398
576397
511305
579122
457808
422608
464094
440767
423725
476526
454805
429662
429801
443839
435808
467306
428544
401655
413528
390550
397814
389643
751978
465559
527230
512982
622423
398583
396487
387547
1166554
380214
528905
370995
415134
414017
490144
479459
524645
568086
573395
602029
599864
668239
745203
707978
698271
693451
681717
689540
690588
697781
685768
871755
695406
810016
467795
883071
937056
936638
943971
934891
935380
943551
935940
951374
1010040
929514
945158
962898
955983
1383831
374207
725299
372183
374277
1132053
1109424
1134567
1103698
1109214
379726
366036
1118293
388804
380423
370856
508582
361009
357795
422259
424773
540429
711400
778657
580099
789692
662861
749882
825450
726068
719013
711610
846123
815604
812809
850523
848707
899762
851362
857368
982662
842701
834600
985667
830549
833971
813298
827756
879856
805197
797026
816720
867425
833762
881114
818466
914428
807642
833273
363173
356399
345782
531909
316519
931749
915126
316241
313377
330627
647286
319452
312957
315472
316519
315472
380493
325250
304506
332093
323086
303459
312817
300875
307720
304856
308697
339149
303668
332652
365687
386151
297104
323155
310654
296894
307998
337262
329510
329649
357236
351789
573116
382728
476944
484347
615578
532817
561940
569833
558938
560124
572417
557750
647076
296126
328671
284253
352278
400049
291027
300806
289840
283974
290608
290259
290468
290887
317706
312259
365897
362963
383078
417230
615578
418766
708957
539033
564525
600982
581846
609432
577375
582753
623820
273637
280482
273707
288024
263999
260856
260857
320570
377141
341662
381402
374138
275592
344316
254990
260297
261904
268678
264557
250519
249821
259040
249472
258412
249123
259459
262672
268189
249821
250310
260786
259739
253104
249192
249402
249752
256666
258203
301433
312818
304367
340406
329859
357586
359751
393554
401586
428754
412481
612645
605730
632130
681509
623680
647217
637927
637229
707978
652106
653782
661603
638068
706231
692054
701622
686467
623610
651337
685770
615718
609153
616347
680321
616067
623051
644143
728791
241440
237878
257783
384125
351789
340405
239834
313446
250520
296336
295707
535121
320989
456480
513680
237040
416811
234247
231173
246818
230056
250519
257992
339777
574303
462067
459065
455783
460462
449846
530513
449776
473592
479459
472614
449007
447122
516824
590505
549089
585757
544619
547414
772930
641769
644353
644494
641909
640372
663280
644494
715521
634086
212666
213644
216158
221187
233339
235643
217275
230755
229986
217624
228519
238718
245351
266373
251008
268051
261554
274475
273078
304716
268050
484138
228310
224748
244793
234526
238297
252754
248145
245979
276431
248285
246399
286627
269376
280063
277617
267701
268050
433153
299338
365408
366385
665305
434620
388735
428893
237529
224818
224958
908980
239345
261555
223980
222444
216438
218253
215460
221326
217695
219720
227682
216856
212666
225936
204215
197161
220558
208684
206729
209104
206380
202818
252755
243675
234665
244513
226494
204424
202819
600842
189479
247097
243536
298151
300735
399141
202469
207427
205611
201072
192691
188501
195834
197580
199256
189758
188500
192971
211478
216088
241720
370576
617255
189409
369668
345224
362266
527439
601470
552443
457947
487839
496779
484277
506976
499014
494825
585477
263720
196673
185218
187523
186754
182495
189199
273218
412062
368132
319801
183822
177536
176348
228310
186546
206660
180679
204704
198209
205193
215389
188781
187453
188431
197999
533236
198627
199955
202330
193808
199955
247656
201142
254919
192621
184589
196113
205821
187314
170622
197789
203167
190526
189409
194018
186685
186545
184799
188989
189339
190107
182145
182494
239415
159586
164755
163498
239345
421350
450055
427218
500201
499921
478830
492310
473172
473033
477363
473522
550487
552303
466119
501528
374976
472893
465420
475897
454595
421839
383496
400398
475966
427986
265256
385522
256806
158190
377420
225936
476316
407871
261066
266793
181307
204913
155466
258412
460811
347179
358843
307440
315053
254920
463256
458506
377560
411922
415065
419605
446214
352069
156165
150438
187942
186684
194716
364569
146666
273218
450824
145898
243256
385244
268259
200863
367084
304577
304018
439300
397186
204564
233967
146247
146387
340127
306113
286837
443630
365338
386500
455503
244653
146037
149250
146178
149460
272100
402982
365199
363871
434761
411363
420442
406545
412271
402283
413109
137447
401516
423236
137308
140660
329021
175720
221606
229079
222723
228939
221745
401166
222234
328043
257294
256107
344735
409198
394322
306253
361427
398932
356747
380633
384336
323154
335306
333420
366038
402214
358284
402004
331745
322176
414716
423446
321548
441675
150019
148412
142475
135841
177815
178514
412341
162380
166780
155047
139402
144221
141009
128088
137517
131860
142894
143313
140660
139473
146317
128996
126761
127321
136609
127809
150438
136190
236062
239626
135142
134863
140241
141079
146666
129415
135701
135421
125225
129974
130254
125365
130044
380493
156654
140450
154278
160774
151066
158330
159238
183891
181657
196323
194926
195415
228171
223771
223630
223002
278526
251916
248425
248913
249053
261694
254151
260227
249542
262322
261555
256246
385872
291447
319174
337820
364081
133047
127251
203446
209034
201980
200653
211479
200025
365128
242069
119358
120755
128228
130253
130323
235364
223561
353954
249821
248983
284602
387897
126272
130393
127320
139472
122641
132139
130184
151834
179631
173974
180121
186545
181656
217346
336075
117124
333351
125854
116774
118729
133397
117403
126901
132070
114120
126831
112723
112095
120406
128507
349694
199954
205891
207986
205961
214272
128367
335307
339357
110628
123689
119218
121104
118101
132139
140031
156374
114888
121174
137308
135562
118311
121174
119707
132488
161751
353465
181377
209803
208686
239555
225586
223491
223561
320570
227542
275034
311212
274615
280412
157771
114819
125435
117054
121034
150158
113142
324551
357377
357446
333981
316659
321688
393554
118171
111536
110628
125784
117403
113980
114330
113771
113981
119987
119708
109371
128437
117822
127391
131510
110907
113562
110977
104552
111885
107835
113351
284113
279364
98476
274266
92539
95473
97149
94285
93168
87650
89745
104273
98755
98336
98406
99664
98406
98476
95193
90445
96101
105879
101130
112583
120476
260786
98895
97777
108812
101409
95891
96520
95891
106228
104272
95053
94495
101898
96799
93587
94774
92330
95333
87232
92749
254850
89117
103574
92679
98476
86323
86394
87930
83599
235574
88768
88139
84717
964573
82692
82901
84088
83180
82413
86463
90025
88907
80738
82133
80667
91283
296056
82692
87720
82202
91073
85974
82342
90584
82483
78781
84508
82203
84019
88838
92120
90513
85905
86603
86463
90025
102247
97847
89466
87371
83460
92470
88908
83879
88978
80945
88209
73822
79479
81853
75987
80526
74590
77663
81924
81644
76546
77873
81086
86882
79688
77524
84647
81434
82063
87092
80946
80038
78641
74521
77524
82552
83459
83460
80318
82273
82622
81435
79059
78012
75289
75009
74660
74869
79898
93517
74870
74939
74032
74381
72915
72635
71447
71168
75638
72006
82762
70749
78780
72146
69980
70609
74800
70260
71448
69772
70190
82901
70469
70050
70260
70959
70260
70050
70609
70679
83600
75498
71028
70819
70469
70190
70121
74660
69910
70051
70121
76127
70051
70400
69841
69910
69841
70609
70190
69980
69631
69771
69771
70190
68794
68165
67187
82762
73123
70190
68374
66558
65999
65511
65022
64813
72774
78501
119847
72006
109720
140520
71447
64812
63206
62647
63137
63066
63206
63416
62717
63346
63695
63136
63416
63345
66768
79828
71866
67956
69003
65930
65581
66209
64324
69282
71797
71447
72635
72076
70609
189339
70958
181167
65162
63974
766575
166989
63835
73124
60691
58457
58038
53009
52172
54127
54266
58248
56361
82552
83110
90724
92050
99594
97358
58876
149879
148343
156444
153580
161333
169574
148552
146945
150020
148482
149669
149041
159168
59575
57340
53288
64603
50495
50146
53219
53219
51124
82483
86812
94216
151346
98895
110209
108114
109231
107765
109929
104761
119219
125155
116705
117263
109859
109371
139752
48889
52171
56222
58457
48540
44978
45676
47632
48261
48261
47771
49587
50146
49867
50146
50705
50076
50146
50006
51053
50425
51193
56850
48610
45257
47073
46444
49866
52381
54337
50844
52172
52311
106088
108533
128158
47631
47562
47213
47422
53219
46374
47561
56222
60342
77175
51333
42393
43930
47492
42464
39879
36247
38413
46863
46375
47562
45606
54196
54965
51473
51543
69003
97149
80945
79130
95053
89117
87860
91982
104762
105041
103854
102108
36806
35060
36596
34920
36737
39810
39390
39251
103504
42463
40997
43650
43162
43791
43301
53707
52032
59574
57689
38622
39180
36876
37505
36457
36527
35828
35619
34222
33524
94215
35200
44488
42812
36247
34990
34502
34222
35759
35269
34780
34851
36737
35549
34362
37225
34780
34920
34850
34431
33733
35270
34920
34921
34991
35480
34850
35270
34850
37923
37015
36667
32895
38831
43790
42742
30521
27727
27657
26749
27727
92399
25422
30590
29473
33174
32685
30031
29822
29473
33803
34571
38413
33803
33664
31917
29892
31638
32266
30940
30521
29962
31429
31428
31010
31848
31009
30730
30381
30800
75568
30660
81295
30311
31010
31149
30869
30241
29473
29823
27168
73542
27867
32825
48400
39321
26051
26330
29613
23885
27936
28984
25353
26540
25492
22279
24375
29752
32057
26749
26749
25981
24444
24584
25562
26261
28077
22418
22279
22210
22140
22349
22209
22279
22419
24444
23746
24165
26609
30381
23607
23327
24025
29543
23327
22209
22139
21790
21581
21651
21791
21650
21651
21860
21791
21092
20812
20463
20603
21022
19625
19276
18787
18368
18019
17739
16971
16972
16273
16203
15644
15435
15086
18857
17669
14597
13968
13689
13270
16971
16971
14457
12362
12153
11733
11803
11663
11105
10546
10686
10267
10127
9848
14806
12781
10197
9987
9079
8591
8381
8032
8520
9080
10826
11244
8591
7194
6495
6007
5796
5447
5377
5168
5099
4749
4958
4540
4400
4470
3981
3841
4050
3701
8521
7194
3213
3213
3073
3213
2933
3771
3353
2654
2584
2724
2444
2374
2095
2165
2235
1956
1886
1886
1746
2304
2514
2095
2793
3282
1886
2794
2375
1955
1606
2235
1677
1467
1327
1117
1257
