1327
768
908
838
768
838
908
628
1187
908
908
908
1118
978
769
1187
699
838
699
838
768
977
908
768
838
978
768
908
838
1048
977
7752
908
838
977
838
768
769
838
908
838
838
699
1047
1047
769
698
908
838
908
838
908
699
908
628
698
6216
768
699
628
698
629
1117
1048
698
838
768
769
838
699
838
838
1118
977
1187
699
1117
1048
1118
768
838
908
838
768
7473
978
838
13480
1118
1118
908
1048
838
978
908
1117
838
978
768
838
1187
977
1048
978
1048
977
908
1187
978
1048
1048
908
7613
908
1117
1396
978
1327
1187
1188
978
907
908
908
908
908
978
977
1047
908
1047
908
978
768
908
977
698
908
768
977
768
908
6984
699
1117
977
699
838
699
1187
1188
838
908
838
1118
977
1187
1118
1187
1187
908
698
838
908
908
769
768
768
699
768
4330
1047
1257
768
768
768
1047
908
838
838
768
769
769
768
698
699
1118
978
1187
1048
838
768
768
699
768
769
978
1327
908
1188
1537
1187
978
1118
1118
1677
908
1327
1257
7403
1187
1117
978
1048
1257
1048
1257
1188
1048
1606
1048
769
978
838
908
978
908
768
1187
1187
768
628
978
908
1117
1467
1118
977
768
978
4191
839
908
978
838
978
838
908
1257
1047
908
1118
1048
1397
1048
1048
978
908
838
838
1048
1047
838
838
768
768
698
699
768
908
5448
769
698
699
699
907
698
838
768
768
838
838
838
698
769
768
699
769
698
769
699
769
698
699
769
768
769
838
769
5517
1187
1048
1257
1048
1117
838
1048
1047
1327
1257
1187
1118
1048
838
1118
838
1118
1537
1257
1048
977
1187
1048
1047
5028
1257
1258
1327
1326
1397
1048
1117
1047
1118
1118
977
1117
1257
1188
1327
1257
1187
1327
908
1187
1117
838
838
1117
1047
7683
1117
908
1117
1187
1047
1467
1187
1257
1117
1257
1118
908
1257
1117
1187
1257
1397
1187
1187
1188
1187
1117
1188
1048
977
838
908
908
1187
7822
1187
1188
1047
1397
839
838
1187
1118
978
1327
1327
1048
1257
1537
1397
1466
1467
1537
1117
1536
1606
1466
1676
1606
1188
1467
978
1327
977
8171
908
1257
1396
1117
1326
1536
1397
1187
1397
1257
1257
1467
1397
1257
977
1327
1327
1117
1048
1187
1327
1187
978
6006
1327
1117
1396
1537
1188
1327
1397
1327
978
1327
908
1257
1537
1187
1397
1257
1397
1537
1466
1467
908
1048
1187
1327
1327
1188
1537
1537
1397
1327
1047
1606
8241
1327
1257
1118
1048
1956
1327
1047
908
1327
1257
1048
1118
908
1117
1257
1118
908
838
1257
1606
1257
1118
978
1257
1118
1047
977
1048
6286
908
1536
1187
1397
1327
1187
977
1048
978
1047
1048
1047
978
1047
978
978
1047
1047
1047
978
978
1047
978
1048
1048
977
978
1047
5726
1048
908
1048
1048
977
1047
978
1048
1048
978
978
1047
1048
1047
978
977
978
1048
978
1187
978
1117
1327
1327
7054
1467
1467
1048
978
978
1118
1118
978
1048
1047
1048
1117
1047
1117
1048
1048
1048
1048
978
1187
1327
1118
1257
1187
1327
1047
7333
1257
1467
1676
1327
1396
1257
1536
1327
1396
1606
1257
1466
1396
1397
1676
1397
1327
1537
1397
1607
1536
1188
1327
1466
1467
1396
1327
1676
1816
1466
8032
1327
1397
1955
1047
1187
1117
1118
1118
1048
1117
1257
1537
1676
1746
1676
1676
1327
1746
1537
1467
1257
1606
1327
1327
1187
5308
1467
1327
1117
1397
1257
1187
1187
1258
1047
1257
1257
1187
1117
1676
1885
1676
1117
1746
1327
1117
1397
1118
1606
1257
1467
1676
1397
1187
1047
7962
1327
1117
1886
1187
1187
1117
1327
1047
1048
1467
1257
1606
1257
1257
1257
1047
1047
1467
1327
1187
1257
1467
2025
1257
1257
1187
978
1118
1117
6286
1257
1816
1397
1536
1537
1886
1956
1816
1536
1117
1467
2235
1536
1327
1536
1327
1536
1397
1537
1257
1397
1187
1187
978
5448
1396
1536
1537
1746
1606
1607
1746
1466
1676
1466
1397
1257
1117
1188
1187
1187
1117
1188
1117
1187
1466
1466
1466
1257
1746
1677
1536
1397
7542
1397
2025
1327
1187
908
1188
977
1746
1187
1187
1397
1257
1257
1117
1188
1118
1118
2863
1746
1886
1886
1257
1188
1187
1746
1187
1117
1466
1188
7054
1746
1537
1607
1397
1537
1396
978
1537
1537
1257
1257
1048
1257
1257
1676
1327
1816
1397
2025
1048
1606
1536
1746
1397
1327
1327
1676
1676
1816
1606
8660
1467
1677
1746
1955
1746
1537
2095
1676
1885
1607
2095
1816
2025
1816
1466
1118
1886
1467
1606
1886
1467
1606
1467
1187
2165
1327
1327
1676
1607
2305
1676
1677
1816
8311
1606
1397
1606
1816
1536
1397
1677
1537
1676
2235
1676
1677
2025
1607
1677
1746
1397
1327
1117
1117
1606
1537
1467
1816
1187
1257
1187
1048
1466
6285
1118
1117
1955
1676
1537
2165
1536
1816
1258
1397
1607
1327
1676
1397
1746
1536
1676
1257
1956
1537
1677
1607
1397
1327
1537
1537
1815
2165
1467
1816
1606
1397
1466
1397
1746
8381
1746
1746
1606
1606
1606
1397
1746
1606
1607
1537
1467
1537
1676
1676
1815
1886
1466
1746
15086
1397
1746
1607
1676
2165
1886
1187
1606
1816
1676
1676
9079
1676
1677
1676
1537
1188
1816
1676
1397
1746
1607
1466
1536
1397
1467
1466
1746
1746
1816
1607
1536
1816
1676
1536
1746
1677
1746
7124
1676
1607
1467
1536
1327
1746
1537
1397
1537
1606
1467
1327
1327
1327
1327
1746
1677
1537
1397
1537
1536
1537
1467
1466
1746
1676
1746
1606
1676
8311
1816
1536
2305
1746
1746
1746
2026
1466
1606
1746
1466
1467
2235
1606
1327
1677
1537
1746
1467
1746
1676
1676
1746
1676
1536
1746
1467
6845
1327
1397
1467
1397
1816
1676
1467
1816
1746
1676
1467
1746
1537
1746
1747
1536
1886
1467
1397
1327
1816
1816
1397
1676
1607
1607
8450
1676
1467
1537
1746
1607
1816
1536
1327
1467
2235
1886
1956
1886
1606
2096
1467
1886
1467
1327
1816
1676
1467
1816
1606
2165
1816
2165
1885
1607
2025
1397
1816
6845
1746
1676
1676
1327
1816
1606
1816
1746
1606
1746
1537
1816
1816
1537
1955
1956
1955
1816
1676
1467
1886
3143
2025
1746
1607
1956
3003
1956
6844
3003
1746
2025
1955
1956
2025
1746
1676
1816
1956
1956
1886
2444
1956
1955
1955
1956
1816
1607
1397
1956
1815
1397
1537
1956
1747
1746
1886
5867
1816
1397
1327
2235
1676
1816
1886
2095
2095
2515
1886
1886
1886
1257
1257
1257
1816
1466
1746
1536
1467
1885
1816
1885
1746
1956
1746
8590
1746
1955
1746
1606
1537
1607
1886
1606
1956
1676
2304
1886
1257
2304
1676
1956
1746
1537
1607
1536
1606
1536
1886
1676
1956
1676
1886
1746
8869
1955
1955
1816
2096
2025
1816
1956
2025
1886
1955
1886
1257
1816
1956
1816
1676
2444
1956
2234
1955
2444
1956
2025
1955
2026
1885
1885
2025
1885
8590
1956
1606
1257
1676
1187
1606
1607
2025
1886
1815
2095
1955
1956
1956
1746
1746
1956
1955
1886
1536
1537
2515
1956
2026
1885
1536
2445
1536
1536
1816
1956
1886
1956
1816
1746
6914
1816
1956
1956
1746
1816
2095
1816
1746
1956
1955
1955
1886
1815
1955
1955
1746
2025
1956
1956
2235
2025
1816
2025
1956
1816
1816
2026
2026
1886
2025
2025
2095
1886
6914
1956
1607
1606
1606
1816
1677
1677
1537
1746
1746
1746
1676
1815
1746
1746
1607
1816
1746
1815
1816
1606
1746
1746
1746
1676
1607
1676
1606
1606
1606
1607
1606
1677
5727
1677
1537
1536
1606
1536
1606
1537
1676
1676
1536
1606
1676
1607
1607
1607
1606
1537
1536
1676
1537
1676
1537
1467
1676
1606
1537
1676
1606
1676
6146
1676
1537
1606
1606
1885
1677
1397
1676
1536
1606
1606
1606
1536
1536
1606
1606
1606
1676
1606
1536
1676
1606
1746
1607
1746
1676
1676
1676
1607
1746
5587
1676
1676
1816
1746
1956
1816
1886
1607
1746
1746
1746
1676
1816
1816
1676
1885
1816
1676
1676
1676
1886
1676
1676
1676
1677
1607
1676
18089
1816
1607
1746
1746
1746
1746
1607
1327
1676
1746
1746
1816
1536
1746
1606
1746
1746
1676
1677
1816
1746
1816
1676
1606
1676
1537
1606
1607
1676
1746
1607
1607
6495
1746
1676
1676
1676
1606
1676
1536
1676
1676
1676
1746
1537
1606
1676
1746
1676
1676
1606
1816
1816
1676
1746
1676
1676
2025
1816
2863
7683
1816
2234
2165
2096
2165
2235
2165
2235
2165
2025
1816
1816
2235
2095
2165
2095
1955
1816
2025
2305
2095
2305
2095
2235
2095
2165
1956
1885
2305
2095
1885
10057
1956
2933
2305
2235
2514
2165
2235
2514
2305
2375
2165
2235
1956
3003
2026
3073
1886
3003
1886
1886
1886
2374
2025
2305
1956
2166
3073
1956
2304
2095
2235
2235
8870
2235
2025
2863
2375
1885
1746
2235
2934
2235
2375
2584
1955
2095
2374
2305
3003
2305
2305
2235
2235
2235
2863
2305
2235
1956
3073
7752
2444
2794
2304
2165
1327
3073
2305
2305
2235
2304
2235
2235
2165
1956
2863
2095
2235
1956
2934
2235
1955
2165
2235
2305
3143
2374
2375
2165
7403
2444
3352
2304
2375
2305
3283
2165
2305
2374
2235
2444
2445
2444
2375
2375
2863
2025
2095
2374
2165
2444
2304
2096
1955
2514
2095
2096
2026
2445
2305
2095
2026
2096
8241
1886
2165
2374
1816
2374
1816
2445
2444
2095
2166
2026
1886
2514
2095
2026
2025
2026
1816
1885
1886
2305
2445
2165
1955
3142
2165
2444
10267
2305
2165
3353
2375
2444
2305
2444
2096
2374
2444
2375
2445
2235
2305
3213
2444
2095
2305
2305
2375
2445
2374
8800
2165
3142
2235
2374
2305
2165
3143
1956
1955
2025
2235
1886
1886
1676
2375
1467
2235
2165
2585
2445
1676
2235
1815
1746
2375
2305
2514
2305
2724
2235
9289
2444
1815
2374
2025
2095
1955
2304
2095
2444
2095
2165
2095
3283
2235
1956
1885
2304
2165
2165
1886
2444
2235
2444
2025
2724
2165
2025
2304
2515
9009
2305
2235
1886
2165
1886
1956
2025
1885
1816
1746
1816
1816
1816
1886
1676
2444
1397
1676
1537
2165
2584
2235
1816
1955
1816
1886
7194
1956
1886
2235
2235
2235
3003
3143
2165
2095
2234
1885
2584
2095
1956
2305
2235
2025
2375
1885
2794
2305
2235
2375
2235
2374
2095
1886
2026
1886
2864
2864
9289
2933
2654
2514
2793
2444
2724
2514
2794
2654
2794
1606
3143
1746
2165
2095
2584
2794
2305
2026
2235
2864
3213
2375
2304
2445
2375
1955
2305
7473
2305
2305
2305
2375
2584
2724
1956
2235
2025
2305
2654
2864
2724
2514
2933
2515
2305
2444
2165
2304
2584
1886
2304
2305
2165
2025
2374
1816
2374
1956
1816
2305
8101
2165
2235
2165
2235
2234
1885
2165
2375
2304
2305
2235
2235
2654
1955
2234
2304
1955
2375
2934
2305
2584
2374
2165
2514
2654
8870
2234
3003
2724
2723
2654
2375
2514
2724
2514
2095
2445
2444
2584
2794
2305
2584
2095
2514
2305
1955
2584
3073
2724
3981
2723
2654
2584
2584
2514
2165
2864
9498
2026
2165
2723
2165
2514
2444
2654
2654
2514
2095
2514
1956
2445
2724
2584
2305
2374
2095
2235
2794
2864
2654
3492
2305
2165
2165
2025
1956
1956
1816
2165
1956
1956
1816
6635
2095
1885
2095
1956
1816
1816
1956
1955
1886
1816
1956
2375
2654
2584
2165
2095
1956
1956
1955
1816
2026
1885
1886
6984
1886
1886
1955
1886
2515
1956
1886
1955
2515
2444
2794
2444
2305
2794
2444
2444
2445
2375
2375
2794
3143
2375
2584
2793
2794
2934
2864
3143
2445
2515
2584
2445
2445
7683
2165
1747
2723
2515
2165
2515
2375
2374
2305
2724
2584
4051
2794
2794
2864
2723
2375
2514
2304
2374
2305
2793
2374
2793
2375
2863
2724
2584
2864
2724
2515
2654
2724
3283
9428
2445
2514
2305
2444
2584
2235
2445
2235
2724
2654
3701
2654
2165
3003
2933
2514
3004
2724
2584
2584
2724
2374
2514
2585
2864
2794
2724
9568
2304
2445
2305
2584
2305
2933
2794
2445
2793
2654
2375
2375
2235
2584
2444
3422
2863
3143
2445
2445
2235
2654
2444
2584
2374
2235
2374
2095
9149
2584
3561
2654
2584
2514
2515
2584
2654
2444
3003
2584
2584
2584
2654
2444
2304
2235
2235
2374
3003
2165
2654
2585
2933
2444
2514
2793
10267
2933
3073
2095
1677
2026
2514
3142
2724
2584
2584
2514
2165
2585
2444
2584
2445
2724
2305
2444
2724
2445
2096
3003
2444
2304
2304
2165
1606
1676
2095
2095
6985
2025
6914
2165
2095
2095
2165
2095
2026
2095
2235
2235
2235
2235
2166
13829
2235
2305
2374
2304
2305
2095
2165
1606
2235
2724
3003
7962
2724
2235
2654
2095
2445
2305
2165
2235
2165
2235
2654
2724
2584
3143
3912
2375
3282
2514
2444
2235
1536
2095
2095
2166
2165
2165
7613
2096
2165
2305
2165
2166
2026
2165
2095
2165
2235
2235
2026
2095
2096
2165
3142
3981
2934
2584
2793
2445
2165
2933
2304
2165
2165
2235
7682
2794
2723
2514
2724
3003
2444
2375
3143
2305
2794
2794
2584
2515
2514
2304
2375
2235
2933
2724
2654
3212
3282
2653
2375
2375
2165
2793
6355
2165
3562
4400
3213
2934
2934
2933
2585
3003
2235
2445
2863
2585
2793
2724
3003
3212
2584
3352
3282
2654
3561
3003
2584
3003
2584
2723
2724
9219
2724
2584
2374
2793
2584
2934
2863
2794
3283
2724
3283
2444
2864
3073
2933
2235
2305
2305
2584
2724
2514
2794
3561
3073
3073
3911
8940
2305
2584
4260
2654
2584
2863
2584
3003
3213
3073
2445
2794
2933
2723
2654
3003
3562
3003
3353
3422
3422
3073
2863
2724
2724
3911
8032
2584
2863
2794
2584
2864
2654
2863
2514
2793
2863
2864
2863
2514
2863
2515
2444
2793
2584
2794
2444
3143
2584
2794
3212
3353
3283
2934
2584
2864
2793
9568
2933
3073
2515
2864
3213
2514
2933
2304
3422
2794
3352
2863
3213
2724
3073
2305
2305
2584
2584
2654
3352
3073
2934
2584
3143
6495
3422
3981
3142
2934
2724
2864
2444
2933
3353
2863
2095
2584
3143
3492
3212
3213
2374
2933
2793
3213
3283
3073
2864
3004
3353
3073
9150
2654
2934
2794
2864
2793
2933
2794
2654
3073
2723
3003
2794
2793
3073
3283
2794
2864
2654
3632
2654
2934
3492
3492
3213
3212
3142
2793
2514
8101
3352
2235
2933
2794
3282
2794
3212
2654
3143
3213
3423
3143
3143
4330
2723
2514
2514
2933
2933
2864
2585
2585
2933
3771
3283
3492
2863
9988
2445
3702
13689
3143
3283
3282
2863
2863
2933
3353
2374
2934
2514
2933
2864
2445
3143
2724
1956
1676
2794
2514
3003
2863
2864
2515
2863
2864
9358
2654
3073
2863
2863
2934
2515
3213
3003
2514
2724
2723
3213
2794
2585
2933
2934
3771
3771
3282
2654
2514
2514
2444
2584
2375
2375
7822
3003
2444
2933
3073
2794
3143
2584
3282
2514
2514
2724
2584
4190
3003
2794
2584
2933
4261
2933
1956
1956
2933
3003
2794
3352
7543
3353
2724
2793
2584
2305
2374
2375
2025
3352
4121
2793
2654
3353
3143
3004
3422
3352
4400
2934
3283
3562
3073
2933
3283
3143
2864
2864
4120
3492
10686
3212
3073
3701
3213
3911
3213
3283
3213
3143
2654
4330
3073
3073
3213
3143
3073
3212
3003
3632
3143
22558
2933
3142
3213
3073
2305
3562
3353
2235
2934
4260
3492
14387
2863
2724
3143
2584
2514
2864
1886
4330
2794
2794
1816
2584
3142
2444
2375
2514
2654
3004
7962
3142
2724
2585
2584
2584
2654
2654
3073
2584
2934
3213
2584
1886
2654
2585
1816
2445
2585
2584
2584
3073
2584
3003
2724
3073
3562
2375
3212
3213
2095
3213
3143
3073
2723
3353
3213
10685
2864
3213
3143
2794
3283
2584
3003
3143
3073
2793
3212
2863
3143
3701
2584
3213
2654
3073
3003
3352
3492
3492
3702
3492
3632
4191
4400
7193
3003
4330
3282
3003
3073
3841
2864
2864
3142
3073
2654
3143
3632
3212
3073
2864
3073
2864
2584
3073
3073
3981
3422
3143
2794
2724
3143
3143
2933
3702
7124
2724
3073
3143
3981
2793
3422
2654
3143
2863
4400
3702
3283
3282
3073
3003
4051
2793
3352
2864
3143
3073
3143
2864
2933
3422
3632
9498
3073
3003
2934
4330
3981
10825
3212
2934
3561
2794
3213
2794
3352
3702
3212
3423
2793
2864
3981
4330
2933
2864
3562
3143
2653
2933
3352
3073
3003
7403
3492
3282
3213
3143
3771
3142
3283
2863
3213
3143
3213
3213
2934
2933
2794
3352
3073
4261
3073
3492
2933
3562
3422
3353
3003
3003
8591
3561
3632
3004
2933
2864
2794
2723
2794
2724
2794
2863
2724
2724
2654
2794
2724
2793
3143
2933
2724
2863
2864
2934
2864
2863
2585
2933
2793
3143
2724
2724
8381
2654
2724
2794
2654
2654
3003
2654
2724
2654
2584
2515
2585
3073
2584
3003
3422
3003
3492
2934
3142
2793
2654
2933
2584
2724
3073
3142
2794
3353
3492
3003
8172
4051
3143
3143
3073
3422
3282
4540
3073
3143
3073
2933
2863
2794
3073
3073
3981
3422
3562
2793
2794
2794
2863
3352
4260
3073
3073
12082
3213
3003
2864
3143
3143
2864
2934
3422
3771
3422
4121
2934
3841
3282
3143
2724
3841
3492
3282
2724
2654
2724
2654
2793
2724
3422
3422
3702
2654
3143
9289
3283
3423
3143
3352
3353
3282
2724
3073
2724
3143
4051
4050
3562
3003
3561
3701
3003
3003
2794
3352
3493
3353
2863
3492
3143
3422
4959
3492
3702
3212
3213
3143
3003
2933
11244
4330
4889
3841
3841
2933
4051
3422
4190
3772
3492
3492
2794
4050
3911
3282
3283
3771
3701
4260
3632
3562
3143
3631
3492
4889
3771
3562
3213
3771
3492
3841
10127
2794
3562
3422
3911
3632
3492
3282
4400
3981
3283
3353
3143
3981
4121
3282
2863
3213
2864
3423
4190
2864
4819
2863
3282
3353
3771
3701
3562
2794
3842
3702
9498
3352
4051
4330
3422
3073
3492
3702
4819
3282
2095
4749
3562
3282
2933
3282
3561
3283
3212
3352
4260
3003
4400
3352
4958
3772
3143
3073
3003
3003
2794
3003
7892
2654
2864
2654
2863
2863
2654
2794
3003
2933
3423
2724
2863
2863
2863
2654
2864
2864
2864
2793
2933
2654
2864
2723
2934
3003
3003
2933
2863
2864
3003
2794
3213
8730
3003
2933
2934
2374
3143
2374
3003
2584
2584
3492
3772
2863
3003
2934
2654
3003
2933
2934
2933
2654
2864
2794
2863
3003
2794
2863
2794
2934
7753
3003
2864
3073
3142
2724
3003
2934
2934
3283
2724
2933
2863
2863
2863
2724
2654
2933
2724
2724
2864
2724
2863
2933
2934
2794
7543
2863
2863
2933
2863
2933
3353
3492
3283
3143
2235
3702
3143
3352
3702
3492
3003
2794
2933
3073
3213
2724
2794
3423
3352
2723
3073
3492
3423
9289
3842
2445
5168
3282
2445
2514
4051
3911
3143
4190
3283
4051
3911
3004
4191
3423
3492
3422
4400
3143
3422
3073
3841
3702
3282
4470
10127
3771
3213
3212
3003
3422
3422
3911
3841
3841
3213
4260
3981
3772
3212
3701
3352
3142
3771
3771
3911
3492
3771
3841
3003
3632
3841
3561
4051
3632
3073
3702
3981
4050
8590
3702
3562
4121
3422
3422
3003
3003
2933
3283
3003
3004
3492
3003
3003
2933
3492
3841
3283
4260
3142
3772
4679
3073
4610
3282
3772
4749
3771
4191
4540
8730
4330
4330
4679
3143
4260
3213
3492
3980
3771
3702
3701
3422
3981
4400
4331
4330
3981
3632
2934
3981
3981
4470
4191
4051
3492
3772
4469
3911
2793
3492
3771
9847
3841
4540
3422
2933
3911
3842
3073
3422
3282
3143
5099
3493
3492
3212
3423
3143
3981
4539
3283
4051
3911
4819
4330
4959
4609
8520
3562
4400
3143
4819
3772
5029
4191
4330
4819
3492
2933
4190
3981
4679
3911
3981
2863
2863
3912
3492
2864
4120
2933
3911
3423
4400
3492
3841
5029
4261
10336
3631
3352
3701
3771
3701
2515
3212
3562
3632
3562
3771
3771
3842
3213
3911
4191
3212
3631
4470
4679
3492
3842
3282
3213
3912
3283
4120
11314
3562
5028
5238
4749
4749
4330
3771
4191
4680
3981
3143
3772
3423
3772
3841
3701
3632
3422
3842
3841
3842
3562
3562
3562
3771
3492
4609
12012
4680
5239
3492
3911
4190
4330
3842
4051
3212
3981
3631
4889
3632
3492
3422
5238
3492
3352
3282
3911
3981
4051
3282
3701
10127
3631
4400
4680
3632
5028
3352
3352
3841
4470
3213
3632
3492
3981
3212
4330
3352
4261
4470
3423
3841
4330
3841
3352
4190
3213
3771
3841
3841
11244
5029
4819
4749
4470
5168
3352
3213
3911
3981
3353
3702
4609
3842
4610
5098
3283
4540
4610
4261
4750
3702
4330
3701
3841
4540
4470
11035
3283
4190
4469
3073
3213
5238
4261
4191
3282
4819
4331
4679
4400
3283
3492
3632
4609
4051
5029
4190
3701
3631
3492
3353
3213
4051
5378
3422
3632
3631
3632
8799
3632
3771
4959
3352
4191
3352
3422
4889
4469
4889
3213
4190
4749
3842
5169
4331
3841
4051
3981
3911
3562
4889
3701
4261
3562
10197
4609
3562
4260
4959
3282
4819
4679
3981
3213
4609
3981
3631
4190
3422
4749
4051
4331
4190
3283
3282
4889
4121
4191
4610
3702
4539
4330
4121
4749
3143
4261
10895
3352
4330
4819
3422
5587
3422
3422
3702
3352
5098
3562
3353
3841
4400
3701
3632
4539
3562
4050
4679
4121
4679
5378
3842
5168
3562
3422
3631
3632
3352
8660
3632
3561
4330
16203
3422
3702
3631
3562
3352
3562
3562
3562
3632
3632
3632
3632
3771
3702
4051
4330
4610
4400
3911
4191
3981
3562
3282
3282
7403
3213
3143
3073
3073
3144
3213
4819
4051
4958
3981
5099
3772
4610
4190
4470
4540
3352
5029
4959
4120
4191
4330
4540
5238
4260
3632
3772
3841
3632
8870
3842
4889
4749
4749
3981
3842
3352
3841
3422
4121
4609
3352
5029
3562
4051
3632
3701
3632
4609
4400
3841
4470
3422
4959
5308
3772
3911
11943
3632
4400
3981
4261
3911
4469
3422
3841
5518
3772
2444
3702
3772
3771
3771
3631
3771
3771
3772
3841
3701
3702
3701
3701
3701
3631
3772
3492
10336
3562
3771
3632
5727
3771
3771
3631
4191
4121
3422
2724
5448
2933
4539
4260
4260
4470
3282
5168
4679
4191
3632
5099
4680
4679
5238
4889
5029
3213
9917
3562
4331
5028
3562
4819
4749
4958
3562
4051
4679
5308
4958
3911
4260
3841
4539
3213
5447
3213
5098
3353
4400
3492
3841
4540
3701
4539
4330
10896
3981
3282
3352
3213
3213
3283
3283
3212
2724
3213
3213
3143
3003
3213
3352
4191
4819
4051
4610
4470
4749
3352
3981
3352
3213
5378
5378
4051
10616
4469
4609
5308
3841
4609
4051
4610
4260
5377
4540
4051
4469
4051
4331
4330
4120
3352
3842
4120
5028
4819
4331
5238
5518
4679
11314
5238
4260
5168
3981
4260
4260
4330
3911
3981
5099
5098
4889
4749
3771
4470
3772
5098
4121
4749
4121
3562
4470
4260
4260
3772
3981
4051
5098
4889
5028
5029
4819
10336
4749
4050
4051
5238
3422
4470
4749
4679
4749
5308
4470
3702
4959
5029
3911
5238
3631
3911
3911
3632
3632
3981
4819
5098
3911
3912
4958
3631
9219
3562
3981
4331
4749
5029
3981
5518
4959
3772
4051
5098
5098
4330
5308
4609
3632
3562
4191
3423
3422
3492
3492
4889
3492
3981
3422
3492
3492
3492
3492
3492
3562
8800
4260
3562
5727
3841
3632
3492
3492
3632
3562
3981
3632
3562
3981
3981
3911
3562
3422
3423
3492
3981
3841
4330
4400
3841
3841
3492
4400
3981
3772
11384
3841
4400
3771
3632
3981
4610
4888
3771
3562
3911
3911
3981
5169
4260
4470
4889
3562
4609
3771
3841
4470
3911
5238
4050
6215
3911
3981
9499
3981
3911
3911
5029
5238
3842
3003
2445
2444
2514
3702
4331
3771
5098
4819
3492
3562
4749
3912
4400
4679
2514
5029
4819
5308
3632
3702
4330
3492
3632
3492
10476
3911
3841
5168
3701
3422
3143
4051
3562
3562
3702
3841
3772
3423
3632
4889
5587
4749
3701
3562
3911
129764
3702
5308
3841
4400
4191
3562
12083
4679
4959
3771
4750
3772
4819
4050
4121
5308
5448
5517
3632
4120
4889
3911
3841
3841
5448
3492
3981
5517
3911
3702
3842
5518
4959
4819
4609
4889
4959
5098
11175
4680
3561
4889
5029
4470
3492
5168
4609
3562
4819
3492
3981
4750
3562
5448
4888
3702
5517
5238
4959
3771
3701
4889
4819
4539
4750
4749
4470
10546
4540
4400
4470
4470
4539
3632
4261
3492
4889
4889
5029
4609
4679
4679
4888
4470
5238
4819
4260
4260
4610
4539
4469
4679
4959
4889
3772
4679
5377
4609
11384
4260
4470
4121
4051
3842
3911
4120
5308
4680
3771
3701
5099
5518
3981
5168
4749
6006
3980
4051
5308
4959
4609
4120
5447
3911
10406
3771
5448
5098
5448
5378
5099
5308
5587
4889
3701
4609
4959
4610
5447
3981
4120
4610
4470
3841
3841
4400
5378
4819
3702
4609
5238
6146
11105
4191
4190
3981
4121
17041
4190
4261
4120
4050
4191
3841
4190
4051
3841
4190
4050
4190
4609
4121
4121
4051
4191
4260
4260
4121
3841
3771
2514
2794
8381
2794
2794
3632
3632
3632
3632
3562
3632
3632
3631
15156
3562
3842
3422
3422
3562
3422
3632
4400
5238
4958
5168
3632
4540
5517
5098
4400
11524
5098
4819
4819
5168
4191
3772
4190
4330
4121
4540
4679
5098
4609
4121
5378
4749
4889
5028
5377
3632
5448
3841
4749
5238
5099
11594
4959
5098
3701
4959
5308
4889
4889
3771
5308
5029
4400
4400
5169
3702
4051
5727
3911
3701
4400
5098
5099
4889
4889
5238
4889
4261
4051
5378
4330
5378
7473
4190
6146
4051
4121
4121
3842
3841
4120
3981
4051
3701
3771
4051
3981
4120
3981
3841
3771
4051
4121
4050
4050
4121
3911
4051
3981
4121
4121
3911
4050
3841
3842
9010
4331
4051
4120
3981
4260
4330
3841
4679
5378
4260
5517
4400
4051
5448
4051
4261
4819
5447
5657
5377
5307
3911
4819
4260
5448
4260
5099
4190
4819
3981
10825
5797
4260
5168
4330
5168
4540
4121
5518
4330
5796
3841
5727
4540
5797
4470
4260
4749
5448
4539
4469
3981
5727
4191
4051
3981
12292
4749
4121
4749
4610
3981
3911
5518
5307
3911
5168
3911
5098
3911
3842
3841
3911
5378
4051
5308
3912
4749
4260
5238
4191
4470
4121
11593
3981
5168
4190
5169
5448
4609
3981
4749
5308
4121
3981
3911
4051
3842
3912
5168
16622
3981
4260
4121
4190
4121
4121
4400
3911
3772
2864
2724
2933
9569
3981
2933
4051
5308
4749
5447
5098
5098
4400
3981
4610
4819
4260
5797
4400
4680
4540
4400
5936
4260
4470
4889
4470
5657
4889
5657
5587
10755
5727
5588
4679
6007
4121
4121
5168
4610
4051
4260
4400
5867
4260
4261
4050
4050
4540
5447
4680
4190
4610
4051
4191
5168
4609
5657
22000
4260
4260
4261
5448
4190
4330
4819
4191
4190
4051
3981
4470
4120
4051
3981
4191
4260
4051
4540
4539
4540
5517
4051
4051
4540
4609
4540
4749
5727
4889
13200
4539
4400
3841
4051
3771
4051
4051
3771
4051
2794
3981
4051
4051
3772
3981
3981
3981
3631
4050
4051
4121
4050
4050
5657
4120
12152
5517
6006
5448
4120
5168
4261
5028
5098
4819
5727
4959
5378
4260
4260
5378
5168
5797
4330
4819
5029
4470
4959
4260
5587
5796
4539
9918
5937
5797
4819
2793
4330
3492
4540
4400
4260
3981
4260
4260
4051
4051
4121
4051
4121
4330
4190
4120
4051
4470
4470
4539
4330
4260
4470
4400
11035
4400
4469
4400
4470
4470
4400
4330
4470
4400
4190
4539
4330
4260
4470
4260
4190
4470
4190
4330
4539
4330
4610
4330
4470
4400
4470
4330
11943
4400
4330
4400
4469
4470
4470
4400
4470
4470
4330
4260
4400
4330
4470
14178
4539
4400
4331
4121
4540
4260
4190
4121
4470
4470
4330
4470
4470
4260
4121
4540
9847
4470
4331
5238
4260
4330
4540
4331
4540
4051
4260
4470
4330
4121
4540
4400
4540
4400
4470
4330
4260
4260
4470
4260
4539
4331
4400
4260
4330
4539
4400
4539
4330
10895
4330
4330
4260
4470
4330
4540
4400
4470
4400
4330
4469
4330
4400
4469
4261
4330
4051
4121
4120
4190
4470
4470
4191
4470
4400
4470
4539
4539
4540
4609
4400
4540
4470
11105
4610
4470
4330
4330
4330
4260
4609
4680
4470
4609
4610
4330
4191
4610
4610
4609
4260
4679
4680
4540
4680
4540
4610
4609
4470
4610
4470
11105
4470
4540
4610
4540
4400
4609
4609
4470
4191
4470
4330
4260
4120
4190
4609
4540
4400
4191
4190
4190
4260
4400
4610
4539
4679
4680
9568
4609
4400
4679
4750
4679
3003
18647
4470
4470
4470
3912
4260
4331
4331
4680
4610
4539
4470
4610
4539
4610
4609
4540
24235
4610
4610
4400
4330
4330
4680
10197
4330
4610
4540
4470
4470
4679
4680
4539
4470
4470
4680
4539
4470
4679
4749
4679
4470
4679
4680
4679
4400
4330
4261
4400
4679
4539
4679
4540
4470
4679
9987
4610
4610
4400
4680
4610
4470
4609
4540
4400
4750
4540
4400
4680
4540
4400
4680
4540
4470
4470
4469
4609
4679
4540
4400
4470
4609
4539
4679
9848
4679
4540
4539
13200
4470
4400
4331
4470
4330
4261
4261
4330
4400
4400
4400
4260
4400
4190
4400
4469
4679
4679
4609
4470
4400
4260
4260
4330
4260
4469
4540
4470
4400
9569
4679
4540
4540
4680
4540
4679
4469
4749
4609
4539
4539
4609
4680
4330
4400
4400
4470
4331
4609
4679
4679
4539
4540
4609
4750
11105
4679
4679
4679
4750
4680
4610
4680
4750
4610
4679
4680
13619
4470
4400
4959
4400
4610
4400
4750
4679
4610
4470
4400
4330
4470
4610
4679
10127
4610
4540
17390
4679
4540
4470
4679
4749
4750
4609
4539
4470
4400
4400
4540
4539
4400
4749
4539
4609
4400
4540
4330
4470
4470
4680
4749
4610
4609
9987
4749
4679
4470
4400
4400
4400
4679
4609
4469
4469
4679
4679
5238
4540
4679
4469
4540
4680
4679
4680
4610
4609
4470
4400
4749
4680
4540
4819
10127
4540
4330
4330
4330
4399
4330
4330
4330
4400
4330
4330
4400
4400
4260
4330
4470
4470
4400
4330
4330
4400
4330
4261
4190
4190
4121
4120
4191
8800
4260
4191
4470
4400
4260
4330
4191
4190
4261
4260
4400
4470
4330
4470
4400
4819
4470
4540
4400
3911
4260
4330
4330
4959
4889
5028
5028
4470
4470
10057
14317
4330
4470
4400
4469
4749
4749
4610
4470
4749
4749
4679
4470
4400
4819
4679
4539
4540
4889
4609
4540
4889
4540
4609
4889
4750
9708
4610
4540
4820
4609
4540
5727
4819
4749
4540
4679
4610
4819
4819
4610
4889
4609
4889
4679
4539
4540
4539
4749
4749
4749
4888
4679
4889
4819
4609
9708
4819
4680
4888
4750
4540
4889
4819
4819
4819
4609
4889
4679
4540
4819
4680
4609
4609
4539
4539
4820
4610
4679
4889
4679
4679
4819
4679
4470
9918
4470
4400
4330
4400
4819
4749
4609
4400
4889
4750
4819
4819
4470
4819
4610
4889
4750
4749
4610
4819
4750
4749
4888
4819
4749
4819
4679
4888
4749
4610
11454
4749
4609
4610
4540
4679
4749
4540
4889
4819
5727
4889
25213
4610
4889
4609
4820
4749
4959
4819
4679
4539
4819
5029
5028
5028
5028
4959
5028
4959
4679
4749
11524
4749
4889
4889
5029
4889
4609
4609
5028
5028
4889
4819
5029
4819
5029
4819
4679
4749
4819
5029
5029
4819
4889
4819
4889
4819
4959
5029
5517
4959
12850
4889
17739
5029
4958
4889
4959
5029
4959
4889
5028
4888
4680
4749
5028
4819
4749
5029
4959
4679
4959
4889
5028
5029
4889
4819
4889
4679
4750
9638
4819
4959
4958
5029
4889
5028
4889
4749
4750
5028
5028
4889
4749
4680
5029
5028
4819
4819
5029
4819
4749
5028
4819
4609
5028
4819
11593
5028
4959
4889
4749
4889
4750
4749
4680
4679
4609
4749
4959
4819
4959
4959
4749
4609
4889
4679
4958
4819
4889
4610
4679
4749
4679
4610
4679
4470
4609
4958
4959
4680
9917
4680
4610
4470
4609
4609
4470
4469
4539
4470
4889
4819
4749
4679
4749
4610
4959
4819
4958
5029
4958
5029
4819
4819
4680
4958
4889
4958
4819
5028
4959
4889
4749
8869
4749
4749
4609
3073
4610
4749
4470
3981
4539
4190
6425
4889
5098
6845
3073
4540
4470
4610
4679
4261
5028
4400
6076
6495
6146
4750
8032
6635
4680
6146
4609
6705
5587
4609
6006
4609
4680
4958
5658
4819
6355
5727
5657
6635
5378
6356
6426
5937
5308
4679
4749
5168
5028
4750
5028
4889
5587
5867
10337
5308
4889
5587
4749
5727
4819
5168
4889
4749
4819
4889
4680
4679
4819
4749
4609
4330
4819
6425
6076
5028
4539
4889
4819
5797
5796
6216
4749
4819
5308
6356
5797
13061
4819
4889
4680
4749
4749
4819
6704
5588
4889
4889
4888
5168
5029
4819
4889
4889
5168
5028
5098
5029
4959
4889
4749
4819
4609
4819
4819
5797
5448
4680
6007
5169
5797
5936
5797
4959
4889
10267
5098
4889
4959
5168
5658
5587
4749
6146
4959
4888
6076
4819
4888
5168
5099
5029
4889
4819
4889
4959
4889
4819
4749
5517
4889
4819
4680
10546
4819
5168
5936
6146
6635
4819
6286
6285
5797
14597
6216
5587
4889
6705
5587
4749
4749
5099
5657
5378
5587
5377
6286
4889
15505
4819
5587
20254
6705
5518
5378
5867
6496
5518
6774
6216
4889
5587
6565
4889
6006
6705
5099
5727
5029
4889
4958
4819
4819
4749
4749
4889
5727
5028
7193
6705
4958
6635
5658
11872
4959
4889
4959
4749
4889
5518
6496
4749
4889
5447
6635
5029
6495
6355
6006
4889
6356
6565
5028
5518
5308
5447
5377
5517
5378
5448
5587
5238
5238
5797
12571
6704
6914
5377
6914
6356
6705
6565
6426
5098
5098
6914
4959
6705
5168
5936
5657
7403
4959
6845
6146
5588
6914
5587
6705
7403
5238
15574
6426
5098
6007
6635
6984
11104
6006
5797
6774
5797
6844
6355
5587
7264
5447
6705
5099
5098
5098
5169
5727
5098
6565
6006
5447
5098
5308
5098
5099
10546
5238
5168
5239
5099
5029
4959
5168
5168
5029
5098
4959
5029
5098
5029
5517
5448
5447
5308
5168
5098
5098
6635
5797
6495
5518
7193
9358
5238
5238
5168
6775
5587
5727
5517
5378
5378
5308
5447
5308
5378
5307
5797
5238
5238
6146
5517
5866
5308
6984
5937
6495
5238
5168
5727
6006
10825
5308
6565
5238
6704
5238
6565
5238
6635
5307
6425
5238
6985
6775
5797
6356
6984
5448
6984
5238
5867
6635
5238
6077
6845
5378
7124
5308
14596
5448
5238
5308
6077
6565
5238
6426
6146
6705
6565
5727
5168
5238
5168
5658
5168
5169
5029
6076
6425
5308
5587
5307
7193
5447
6775
5377
5238
8730
12432
5587
5588
8521
5448
5378
5238
5587
5447
5518
5518
5587
5658
6844
5447
5447
6635
5238
6565
6285
6774
5378
6565
6984
6495
6077
6355
6077
5238
6705
6844
13060
6355
6146
6076
5658
6705
6705
5448
6006
5657
6285
5587
6076
6845
7054
5447
6355
6146
6216
6775
6845
5797
6704
5238
5867
5797
6146
6077
7054
6495
12780
6775
6215
5238
6216
6495
5238
5867
5657
5727
6076
6844
5378
5308
5308
5238
5098
5378
7124
5308
5308
5168
5238
5238
6076
5238
5238
5168
13759
5099
5098
5238
5168
5727
5448
5307
9708
5308
5238
8591
5587
5588
5518
5657
5517
5727
5378
5587
5657
5936
6216
6984
6775
6775
5377
5099
5168
5657
6146
5447
12222
5937
5377
6356
6076
5308
5099
6705
5866
5098
7124
6565
5378
6216
5099
5797
5307
6216
5517
6844
5796
6146
7124
5797
6355
6704
6844
6915
6566
6635
5797
8660
5308
12292
5378
7124
6076
6704
5238
8660
5518
5657
5448
5518
5378
5308
5238
5657
5937
5587
5517
5517
5727
5727
5517
6984
5378
5937
6774
6705
5307
5168
9010
5308
5238
5937
5238
5867
5168
5308
5168
5168
5168
5098
5168
5168
5099
5238
5169
5936
5238
6704
5308
5727
6705
7263
6007
5308
5239
5447
5238
6914
6704
6076
13479
6705
5169
5727
5657
5448
6216
5448
5378
5797
5587
6146
5447
5587
5308
5308
5168
5308
5308
6425
6565
7054
5588
5377
5796
5587
5378
5308
5518
5517
6146
12571
5378
5377
5308
5378
5378
8800
5657
5517
5518
5308
6565
5378
6565
7264
5657
6844
6775
5447
7193
5588
6285
5727
7054
6984
13689
14318
6914
7263
7333
6845
5657
6216
5517
6774
5517
6844
7054
7194
5448
6635
6076
5308
5378
5168
5447
5238
5238
5308
5238
5727
7194
5797
9987
5517
6006
5377
5518
5448
6216
6216
5937
5867
6286
5867
5378
5378
5517
5238
5308
5238
5797
6635
6286
6774
6216
5238
5307
5308
8730
5587
5727
5517
13479
5447
5169
3841
5238
5308
3353
5238
6286
6495
7333
6984
5587
5448
5657
5517
5727
5587
5727
5447
6216
5657
5447
5447
5448
5308
5308
5308
10686
5238
5238
5238
5308
5238
5378
5238
5168
5168
5238
5169
5098
5727
6216
3632
3561
7263
6635
6355
6426
5727
4959
5447
5378
8521
5657
10756
5378
6006
5307
5308
5238
5168
5308
7473
5518
5517
5378
7054
5308
6774
7752
5587
7123
5448
7403
5238
7403
5587
7123
5587
5727
6566
5448
6705
7403
6915
10336
5238
5308
7124
6914
6635
6425
5727
6915
5588
6006
6146
6984
5447
5797
5518
7264
7264
6286
7333
7124
6286
7053
5657
6216
6495
6355
7683
6705
6146
10685
5587
7054
5587
6844
5238
6425
6356
6495
7333
5658
6495
6914
6356
5797
7124
5587
6914
5308
5518
7124
5657
7124
6705
14737
5657
6845
5378
7333
5797
5657
5517
5377
5378
6286
5308
5378
5238
5378
5238
5797
5587
7124
5727
6425
5378
5518
7263
19416
6286
5937
6426
5727
5517
5378
5727
5587
5727
5588
5517
5518
6915
6146
6704
6286
5378
5308
5447
6146
6844
5517
6076
6565
6635
12920
6426
6425
6496
5588
7124
6076
6495
5238
6845
5308
7193
6984
5448
6215
6216
6286
6774
6076
6006
6635
7124
5447
6565
5308
6984
6007
6007
6077
6635
5447
6565
13828
6426
5448
5448
5517
5377
5308
4679
5378
5378
5029
5308
5448
5378
5378
5377
5378
5447
4889
5238
5448
6915
7054
7264
6914
3631
6426
3632
9777
5587
6007
6076
5378
6006
6775
5308
5448
5378
5308
5377
5238
5448
5378
5238
5238
5308
5308
5378
5447
6146
7263
6984
5378
5378
5378
13549
5447
5518
5796
6076
5517
5378
6356
7333
6565
7124
5518
5797
5936
5936
5797
5727
5797
5727
5727
5657
6914
7123
6356
6844
6215
6984
5658
6216
5727
6495
12991
6845
7054
7263
7263
5587
7124
7263
7473
6774
7124
6146
6984
7054
6495
6984
5448
5657
6985
5517
7264
5587
5587
5587
5518
5588
5448
5448
5517
5867
5866
5657
6285
10267
6775
5657
5587
5657
5657
5587
5518
5588
5727
5587
5448
5936
7193
5797
6496
6286
6146
5727
5657
14457
5727
5657
5657
5447
5517
5517
5518
5517
5657
5657
5587
5517
7193
9219
7473
5797
5936
6984
5727
5587
5727
5447
5657
5447
5657
7124
5657
5866
6425
5936
5797
5727
5797
5797
5517
5517
6006
5727
5937
5797
10057
5866
5937
5866
5727
5797
5587
5657
5587
6007
5867
5657
5588
5657
5657
6844
5587
5657
5587
6285
6216
5587
5657
5937
5797
5657
6285
5588
9568
6635
7543
6775
6705
5937
5936
6705
7263
5867
5797
6565
5866
5727
5587
5657
5517
7612
7542
5657
7264
7263
7403
6565
7542
5936
7264
5587
13061
5657
6146
5657
7403
5937
5937
7473
7403
5448
7124
5587
7333
5448
5588
5587
7333
15295
5657
5937
6914
5937
6565
5867
5797
5657
5727
5517
5168
7473
7263
6984
5867
10266
6984
5727
5588
5727
5588
5517
5797
5727
5657
5518
5587
6775
13899
5518
6076
5867
5727
6007
5727
5797
5727
6565
5657
5657
5587
5587
5657
9638
6565
7193
6216
7124
6704
5588
6984
6705
7054
5727
7124
7054
5797
6635
6705
7473
6844
7193
6914
7473
6985
5937
5866
6146
5727
6914
5726
7543
5657
5657
7334
5727
5657
10826
5727
5657
6077
6006
5727
5657
5727
5727
7403
5866
7542
5727
5727
5727
7333
7473
7333
6496
7543
7124
7334
5727
5727
7613
5657
7333
15156
12571
7612
6146
7403
5866
5727
6705
6146
7543
5866
6285
5936
5727
6844
6146
6146
6007
6915
7403
7333
7124
5866
6844
6705
6006
5867
7264
6006
7682
3981
6146
7682
4400
7543
5448
6495
6635
5866
7473
7543
5866
5866
6216
6774
6007
7124
7263
6705
6007
6495
5796
6425
7473
5867
6355
6565
10127
6984
7752
7263
6285
5936
5797
7892
5866
5796
5866
5727
5727
5657
5727
6635
7543
5867
7752
6146
5867
5937
5936
5867
5796
5727
6495
5727
6146
5936
5866
10127
6355
5867
5797
5797
5867
6566
7613
6914
7403
5867
6705
6007
5796
5727
5797
5866
7473
6495
7753
7264
6146
5937
6006
5937
5796
5796
5308
5448
5727
5727
5517
10407
5796
5727
5657
5797
5307
5797
5657
5657
5657
7543
6425
7752
5936
6635
7054
7473
6845
6007
7682
5867
7753
5866
5936
7473
7543
13968
5937
7403
5657
7124
6984
6775
7403
5867
6565
6844
5657
6425
5866
5727
5727
6076
5727
5657
5727
5797
6775
6495
5796
6775
6496
11244
7263
5658
7264
7123
7264
7682
5797
5797
7403
5796
6984
6984
6914
6496
6634
5797
6845
5727
6705
7193
7682
7333
7403
5727
6425
5727
5727
7404
5797
5657
5727
5657
5657
7193
9778
6426
7403
7054
6286
6215
6076
6006
6076
6216
6914
7752
6984
7054
7123
5797
6566
5867
6915
7263
6984
7403
5588
7403
7263
6495
5657
6635
15365
6006
7892
5867
9498
6076
6146
6565
5867
5867
6006
6565
5937
6914
7403
5937
7892
3911
7613
6984
3841
5727
5587
7473
4330
5168
9847
7473
7264
5867
7822
7193
5657
5588
5657
7263
5588
6845
5657
7264
5797
6425
6425
3912
7473
5797
4888
5797
5168
5657
5169
5796
5657
6635
7263
7613
6076
9918
7123
6775
5797
5797
5797
6775
6705
7403
5587
7124
7682
5867
5866
5797
5727
5797
7054
6984
5867
5936
5937
6844
6775
6007
5867
6006
6705
6914
6984
7473
5936
13270
5867
6984
6635
7543
7403
7613
7892
6146
7403
6634
7473
6565
6426
7124
5727
7403
5867
7962
6914
5727
8032
7683
6007
7124
7054
7054
6006
7403
7473
14737
6076
7473
7473
7333
6425
5797
5797
5797
6914
5937
5936
6076
5937
5866
5867
5867
6704
5867
5866
5866
6635
16623
5867
9498
6007
5867
5937
7054
16762
8031
7613
4400
4400
4400
7892
3841
6984
6984
5937
7543
5936
5587
6006
5936
5797
5937
5867
6704
5937
6006
7543
6984
6006
7264
7334
10267
7193
7193
6077
6775
7054
7194
5867
5867
7612
5936
6844
18020
6077
6914
8032
7753
6216
7753
7542
6285
7123
6076
7892
7962
7264
7682
7473
7333
6775
5937
6007
7264
9847
7054
7613
7752
5937
6006
5936
5866
3911
5796
5936
5867
5797
5727
6635
6565
6077
6076
5937
5936
5587
5867
5727
5867
5937
7613
7194
5797
24095
7333
9638
7752
6355
5727
5657
6146
7822
5937
7823
6844
7752
7892
7822
7753
7962
7752
7543
7962
7962
6985
6286
6286
6356
6565
6076
6076
6914
6216
6007
12921
5867
7543
5936
5866
6495
7543
6146
7194
6146
9918
13899
6076
6006
6006
5937
6216
6216
6006
4051
6007
6006
6006
6006
5517
5867
6007
5936
5517
12641
5517
5936
6984
7543
7543
5937
7822
7193
7682
7753
6286
8172
6146
7054
5867
7054
8102
6146
7124
6077
7333
6146
6006
5866
5937
5867
4959
12292
4959
7683
7194
5448
5587
5447
7542
7613
6984
6705
5866
5936
5936
5937
5937
5796
5866
3911
6007
5867
5936
5308
5937
5797
5308
5936
5867
5797
5867
5867
5517
5867
6007
6425
11035
6007
5448
5867
6146
6216
6076
7613
5517
4330
4400
4610
7613
7753
3981
7194
7612
7613
5937
5936
5866
5867
7752
7753
10965
7473
7752
6006
6425
7962
6146
8172
7473
7403
7892
6565
7962
7542
7682
5936
7543
7194
7263
7822
7263
6076
7124
7124
6077
7333
7403
5936
6076
9917
6774
15924
9987
6495
6425
6356
6146
6076
5937
6006
6215
6146
5937
6007
10897
14946
9988
6495
6285
6495
6425
6425
6425
9918
6356
6565
6565
6215
6216
6496
6355
11454
6426
6215
6146
6356
6426
6355
10196
6286
6216
6216
6495
6425
6285
6216
6006
6426
5937
6146
6495
7683
6286
6286
10197
6355
6146
6146
6006
6356
6215
6565
8241
7613
7892
10196
7333
7124
6426
7613
8172
7263
6286
7822
6426
7962
7752
6355
7892
6286
7822
6285
7194
7543
7893
6356
7124
7124
7683
6146
12362
6007
8171
6146
7683
7682
6076
6635
7194
6146
7054
6565
6845
7822
7612
7543
6076
7683
6844
7682
7752
6076
16133
8381
7962
14248
6356
7683
7683
7473
8032
6356
7543
8381
7473
6076
7333
6425
6635
6356
6146
6077
6216
6216
5936
4958
6007
6076
5727
6006
6076
6006
10616
5657
5588
5937
6006
6007
6076
6076
6076
6006
3981
4889
6076
6146
6007
6006
6007
6076
6076
8381
6216
6356
7054
8520
6425
7333
6215
12711
7263
6076
7194
7753
6355
8311
6426
7962
7403
7613
7264
7752
7892
8591
6146
7054
6146
6984
8102
8032
6076
7124
8101
7333
7193
8032
8031
6215
8032
6076
7962
15574
6355
7542
6426
7124
6216
6076
7264
6076
6146
6984
6076
6425
6355
6146
6076
6146
6146
6146
6146
6146
6006
6076
8102
6146
8171
8031
6216
12991
6146
6077
6076
6076
6146
7823
7962
8102
6076
6355
6146
6076
6076
6984
7892
7752
6076
6146
6495
6425
6215
6146
6076
6146
6635
6216
10756
6076
6146
6076
4889
7752
7333
6286
6286
8311
8032
7962
8032
6356
8171
6216
8101
8102
6565
8241
7403
6286
7403
7613
6216
7822
7543
7263
14736
13269
6425
7194
6285
8032
6845
7543
6285
6984
8311
6425
7263
8171
6286
7892
6565
8381
7473
8451
6914
7333
7753
7263
7264
7473
6285
8101
6216
7822
10825
6286
7194
7682
6565
6496
6286
6565
6355
6286
7054
6286
6286
6216
7473
7683
8032
6356
6286
8381
7822
10756
6216
8451
7752
6356
6355
6286
7753
7612
7263
6286
7124
13200
7962
6845
6216
6146
6146
6146
6216
7962
6286
6286
6216
6286
6356
6495
7752
6285
6286
19975
6356
6286
6216
6216
6146
6285
11384
6216
6216
5797
6286
6216
6285
5797
6216
6146
6285
6286
6215
5587
5727
5727
6216
5727
6146
5727
5727
4400
6216
4539
6215
6285
6285
5377
5587
11314
6216
6356
6216
5727
6215
6216
6146
5727
6146
5727
5727
6215
6216
6285
6146
6355
6285
5797
6285
6216
6006
7403
7892
6355
7753
6286
6286
7333
6216
6215
10616
6286
6495
8032
6496
6355
8590
8381
6495
8450
8241
6425
6635
8311
6355
6216
6285
6146
7752
8241
8102
8031
8590
7962
8031
7892
8381
10756
7613
6775
6565
6565
6425
6425
6704
6495
7054
6914
6565
6635
6425
6355
6426
6635
4330
4190
6286
8381
6774
7753
8660
8032
7683
6286
7962
6355
14038
6216
8241
7683
7124
8171
7333
7263
7054
7892
6425
6355
8241
7822
7962
8032
7542
7822
6565
6495
7613
6426
7822
10686
6356
7193
6705
6774
6495
6495
10196
6355
6356
7543
6355
7054
8171
6355
6355
7473
10825
6356
6425
6286
8450
8031
6355
7543
8171
8311
6705
7892
6356
4749
8380
4749
4190
11943
4959
6565
8171
7892
6356
6775
5936
6635
6984
5099
4889
5029
4680
4680
4400
12571
6146
6635
6635
8660
8311
7892
6356
7194
6356
7962
6285
8032
6355
6355
8171
11943
8451
8171
8032
6425
7333
6355
7333
6286
8451
8311
8311
6425
8380
8311
6286
7613
8800
6635
8101
8241
8521
6285
8381
11105
8102
6635
6704
6425
8102
7962
8450
6426
8032
7962
8730
6495
6425
8101
7892
8660
6495
7333
6425
7333
7682
8660
6496
8311
8031
8311
6635
6565
6286
6356
6216
8451
6356
6286
10546
6355
7473
6704
6495
4260
6286
6285
6775
5866
8241
6216
8171
6356
7404
8241
6355
8241
8590
8311
6426
7543
6286
6285
6775
6845
8031
15923
7542
6425
6775
8172
6565
8102
8660
8032
8311
6425
7543
8381
8171
8102
6425
8311
7473
7752
8172
7753
7822
6426
7543
6425
8660
6635
8102
12641
7962
8311
6565
8032
7822
8381
16622
7543
6425
8520
8591
8311
6496
6356
7473
6426
7333
8241
6355
8521
6426
6426
7403
8171
8171
6705
6565
6495
8102
6356
6426
8241
16343
6565
6565
6425
16412
8590
6566
6635
6496
6426
7752
8451
8172
8451
6775
6635
6495
6426
18089
6425
6775
6495
7543
8381
8311
6635
6844
6704
8172
5098
4888
10896
6635
6495
6355
5867
6355
8101
6635
6775
7543
7543
7822
6914
6565
8171
6635
6704
8451
7542
8031
8242
7822
8660
8451
8381
8661
6635
7193
7473
6845
8312
11942
8032
8172
7892
7683
6775
6565
7822
7962
7543
7892
6565
8241
8171
8590
6775
8451
6984
7683
8311
10895
6914
6914
17601
6914
6705
8241
6844
14177
6635
6705
6984
6914
6705
6635
6635
6635
6495
6914
6845
6844
8032
6635
6705
7404
6495
6635
6495
6845
6565
6565
7124
6565
7682
7333
6705
11175
6845
7962
6844
6705
6495
6565
6914
6774
6635
6426
6566
6914
6774
6565
7962
6565
6565
6635
8171
8241
7961
8241
8242
8242
6495
7822
6565
7753
7753
7822
12153
8171
8730
7682
8660
6635
7543
8660
6635
8381
6705
6635
8171
7682
8241
8241
6705
6984
8311
8032
8661
7752
8381
7752
7892
7193
8241
8800
7892
7822
8241
10895
6634
8381
6634
7892
6565
7543
7962
8660
8591
8660
8380
8520
8451
8451
6635
6566
7473
6566
6566
8381
8451
8451
10895
6914
6984
6914
6844
6914
6914
12362
8800
6984
8171
8381
6705
8730
8800
8730
11524
6914
7264
6914
6984
8731
6774
8869
8800
20114
7962
6565
7962
7403
6565
6634
6565
7753
12013
8381
6565
8591
6705
8241
7543
8800
8381
8520
6914
6775
7753
8032
7962
7892
8381
8241
6146
6984
8730
7962
7892
8241
8102
6705
7613
6565
6565
8590
11664
8730
8800
6984
8171
8381
6635
8590
6635
7822
7962
7962
7752
6635
6704
8451
6565
8660
8521
6914
8800
7473
6705
11035
6914
6984
6914
14806
9079
8661
7892
6565
7404
8451
6844
8800
6914
8451
6705
8451
8731
8730
8869
8940
8870
8661
10965
6984
6984
6914
6984
13899
6915
6984
6984
6984
6914
6844
7054
7613
6845
6775
6984
6914
8799
7054
8800
6845
7054
8102
7124
7054
6914
6845
7123
7124
7123
8940
9009
6915
6705
6775
11384
7823
13619
6705
8870
6775
6774
6705
4470
8590
6425
6356
6705
6635
6076
6705
6146
6565
6565
6634
6704
6704
6635
6635
6705
6635
6634
6705
6635
6635
11873
6635
6146
6077
6634
6146
6635
6705
6635
6705
6705
18508
6215
6216
6146
17740
6146
6705
6635
6705
6634
6635
6495
6914
6775
6635
6635
6565
6635
6146
6705
11523
6146
6635
6635
6635
6635
6565
6635
6635
6704
6635
6705
6635
6635
6146
6146
6076
6775
6705
6844
6635
6704
6635
6634
6216
6146
6704
7264
6844
11105
7333
6984
7193
7123
7054
6914
11245
7124
7194
15156
6844
7194
6984
6984
7193
7054
7613
7194
7124
6985
8869
6844
9429
6914
11244
7123
7054
7403
7194
7264
16412
7124
9010
6844
8730
6844
8451
9079
6844
7194
8939
8940
7264
9149
9219
8451
8800
7194
7053
6845
6705
8939
7124
6984
6914
6705
5168
9010
6914
4470
8800
16483
9219
8450
8870
6844
6844
6705
6705
9079
6775
6774
6775
6705
8730
9010
8870
8102
7473
6774
6774
6775
7333
6774
8939
8313
8591
8521
8590
8590
7124
6984
6774
8940
30730
15085
6705
7124
7054
6914
19835
7892
7194
9149
8730
8032
6914
8241
6984
8311
5937
20044
9219
4610
8590
9289
9289
7193
7263
8660
9009
8591
8101
8451
8450
14457
7054
7822
8800
8451
7683
8451
7194
8311
8939
9219
7263
8800
9219
7264
8940
9359
11663
7403
6984
7194
6915
9987
9359
7263
6914
7054
8940
15086
6914
7194
8591
8590
9359
16762
8940
8940
7124
8241
7962
8102
6844
8172
6845
7124
7823
6845
6845
6775
6915
6844
6775
6914
8241
6984
7124
8661
8172
10825
6914
7194
7333
9289
7054
6984
9219
7124
6914
6844
8242
8450
6984
6774
6565
6425
6915
6844
6355
6984
6915
6914
6844
6775
6775
6775
6914
7054
10756
6844
6356
6984
6914
6286
6915
6845
6775
6844
6775
6844
6844
6845
6914
6356
6425
6355
6914
6915
6845
7054
6355
7054
6425
6914
6915
8591
8311
7334
8590
7263
15644
7334
9219
7124
7054
6914
6775
6984
6984
7403
7403
7193
7054
7054
6984
6984
11594
7334
7473
7264
7123
7403
7124
7054
6984
7193
11594
7473
7892
7193
7333
7613
7333
7403
7054
7054
7473
7263
8660
9359
7054
7193
7962
7193
7124
9149
7194
7123
7124
6984
6914
6914
6915
7403
9358
8870
7542
8800
13130
9150
8940
8590
8381
17739
8800
7403
8940
7403
8242
9359
8660
9708
9359
8241
10057
8241
9219
7054
9009
8381
8521
9079
7194
7543
7124
7123
7054
11943
7054
6984
7124
5797
6635
5448
7054
9219
4679
8590
7403
9079
18508
7962
8800
9080
7334
7124
9289
9428
9149
9149
9009
8450
7333
7263
7124
7333
7193
6984
8102
15854
9288
7124
7822
7054
7124
7193
7333
8661
9080
7054
9010
7263
7264
7054
9079
9149
7054
8660
7194
7054
7124
7054
7124
7054
7053
7124
7124
7054
7124
14038
7054
8730
7123
7333
7403
8521
8870
8171
7193
8800
9359
7473
8940
24095
9010
8031
8940
8450
8381
7333
8590
8731
9917
8939
7613
8939
9429
13689
9080
8800
9499
9289
8591
7193
9429
7543
8730
9079
9289
9219
9289
8940
7543
8730
8939
9010
7403
8311
7543
8800
7263
7962
7193
8800
7682
7264
7333
7193
7193
13549
8451
9149
8940
7612
7404
7473
8800
9149
7473
7333
8870
9289
9149
9289
7264
7333
7403
8590
7543
9429
7333
7403
7263
9010
7194
7543
21651
7264
7263
11035
7823
7334
9219
7473
18577
7403
8451
9149
9149
7263
7333
7613
7333
7543
9009
9010
7403
8660
9009
7473
7333
8660
7264
8869
7613
7473
9219
8870
9079
9499
9498
8311
9288
12851
9149
9219
9498
9708
8451
8381
9498
8800
9289
8870
8660
19836
8660
8870
5238
5168
5448
5029
4959
5168
4819
9010
4610
8590
8939
8730
7543
7543
8730
9080
16902
7334
7403
7403
7263
7473
7333
7403
7333
7333
7264
7333
7264
7333
9289
7683
7264
7334
7194
7683
7403
9219
9429
7683
7542
7543
7194
7683
8940
11734
8590
8800
8660
8451
9149
7403
8311
7542
7263
7403
7404
7333
7334
8800
9219
7682
9778
9219
7753
7543
7613
9010
9569
7264
8660
9149
8730
14876
7404
7682
9079
9149
8590
7403
9289
9569
9219
7543
9150
9429
7193
9289
7333
8520
9359
9428
9080
9359
9079
8311
9079
8032
8870
7194
7543
9080
9079
7124
7054
7193
8730
11594
8939
8451
7333
9009
7193
20534
7193
8730
7263
7194
7264
4749
7263
7124
7193
7333
7194
7264
6635
7194
7263
7194
6634
7264
7124
7124
7124
6705
6705
7194
12502
7263
7124
7264
7263
7194
7193
7193
4749
7194
7193
7193
7123
7264
7263
6425
6495
7194
6705
6774
7194
6635
7194
18648
7124
7473
7193
11803
8870
7403
8940
7753
9219
9917
9568
9219
8591
9079
7333
9079
9429
9289
8521
9079
9429
8800
9149
8241
8660
7403
9219
15784
8590
8311
9149
7403
7264
9708
9009
9289
7473
7333
9079
8940
8730
9289
7543
9499
9428
8870
8242
7403
8590
7403
9079
8730
9079
7473
7263
8032
7264
8800
7333
7333
7683
7683
7542
6775
7263
9289
7683
8521
7404
7404
7333
7333
8102
7543
7822
9010
7333
7403
9568
9009
7752
7612
8381
7473
7334
7334
8591
12851
9359
8381
8730
7403
7333
7263
4819
4889
5797
7542
6146
6286
7263
7333
6774
8939
7403
8940
9009
8870
9150
7543
8172
7613
8800
8730
26470
7752
7543
14038
7473
7333
8311
8730
7752
8660
9638
7612
8451
9079
7542
7263
8730
9219
7543
8521
9358
9358
8869
8311
7403
9219
7263
7473
9428
7473
9079
7473
15924
7473
7403
9149
7404
9150
7473
9289
9499
9219
7333
7543
8590
8381
9778
7613
7753
7612
7543
7822
7752
7403
9289
7822
7613
7613
7473
7822
8450
9498
15784
7752
7752
7473
9289
7473
7613
9708
7613
9428
9429
9289
7542
9010
9499
9289
7543
7473
8800
7543
8241
7403
7403
7333
7404
7403
7473
9569
9568
9219
16203
9499
9359
9429
7403
10546
7613
7612
9219
7473
8521
9848
8870
8032
9428
9568
7613
8800
9708
7752
9009
7752
7543
7543
9149
7473
8730
7822
8661
7473
8730
404519
8940
7753
8730
7333
9429
9009
8661
8590
7473
8520
25213
8660
9289
8520
8730
9219
7473
7683
7404
7404
7543
7473
9219
9638
9847
7543
9638
7613
9289
8940
7752
7543
9569
9708
7683
8450
9918
8521
7403
7612
13899
7822
7683
7543
7683
9079
7613
7543
9428
7543
7403
7473
7472
7473
9777
7473
8660
9429
7613
7473
8660
9359
7473
8311
8380
8869
9987
9708
7613
9568
7822
7473
7473
7403
9079
9498
8521
9009
9359
9219
8800
8591
8731
9428
9428
7752
9428
9569
9219
7543
8241
8660
9848
9428
7473
8730
7682
9219
7404
8800
7403
8939
7403
7682
9359
10057
9289
9429
9708
9429
9079
9010
9568
9289
9359
9848
9009
9498
9428
9778
7543
7613
7613
8869
7543
7473
7403
7822
7612
7613
7473
7473
9638
9568
9638
7822
7543
7403
7543
7404
7403
9499
7403
7334
7473
7473
7543
7403
7753
7612
7403
7473
8032
7403
8730
9288
7612
7752
7683
12222
7822
7823
7682
7683
7473
9848
7893
9638
8661
8591
9080
7473
10267
9149
9569
7543
9638
9428
9359
7822
9778
7613
9638
9707
7543
7543
9499
8800
7543
7404
10057
7612
9638
8800
7753
9707
8800
9568
9359
8730
9149
7543
7543
8730
7403
9428
8800
8940
9010
9358
8590
9219
9638
9499
9498
8451
8171
7543
7822
7822
9988
7542
7612
7543
7613
9358
7473
9359
7683
7892
7822
7613
7683
5029
12991
8031
7822
7613
7822
7752
7822
7752
7752
7822
7892
7822
7612
7822
7823
7892
8311
7962
7753
7682
7613
7473
7613
7613
12641
7962
7822
7752
7613
7752
7613
7892
7892
7962
7892
12781
8032
7822
7683
7962
7892
7892
7892
7822
7683
13200
7892
8032
12502
7892
7892
13061
7962
8031
7752
7892
7822
7823
8032
8171
7612
7683
7961
8031
7962
9777
7612
8730
9848
5098
8800
7403
9079
8521
8520
7683
8521
9010
8940
7473
10337
8870
9499
8730
7962
7962
8939
9708
7682
8800
9569
7683
9708
9498
9288
9498
7822
7613
7682
7543
7473
8521
7543
7543
7962
9358
10755
7753
7683
7683
7543
12571
7892
7753
4959
7683
6425
7892
12850
7892
7613
7542
7612
7683
7613
7612
7962
9918
7683
4959
9010
8381
7961
7962
7961
7962
9079
9288
9219
7822
9289
7753
9569
9429
9568
8101
8940
7892
9289
8311
8939
9917
7682
10126
9848
9777
7962
9987
8032
7683
7752
16553
7682
5098
6984
7752
7822
7612
6356
7682
7822
7683
7612
7682
7263
7683
7124
7682
8451
9708
7752
9359
9499
9429
9428
9289
7962
7753
7682
7822
5517
5587
18997
7054
7752
12711
8242
8031
8101
8032
8032
8101
9778
7962
7682
8032
8591
8451
7683
8031
7893
8380
7962
7892
7822
7752
8102
7822
8101
7892
7822
8241
8940
9708
10545
9918
8032
8521
9918
9149
9918
